0 2 8
1 2 9
1 2 10
1 2 11
1 2 12
1 2 13
1 2 14
1 2 15
1 2 16
1 2 17
1 2 18
1 2 19
1 2 20
1 2 21
1 2 22
1 2 23
1 2 24
1 2 25
1 2 26
1 2 27
1 2 28
1 2 29
1 2 30
1 2 31
1 2 32
1 2 33
1 2 34
1 2 35
1 2 36
1 2 37
1 2 38
1 2 39
1 2 40
1 2 41
1 2 42
1 2 43
1 2 44
3 2 45
2 3 45
2 4 45
2 5 45
2 6 45
2 7 45
2 8 45
2 9 45
0 10 45
5 3 8
1 3 9
1 3 10
1 3 11
1 3 12
3 3 13
2 4 13
2 5 13
2 6 13
2 7 13
2 8 13
2 9 13
2 10 13
2 11 13
2 12 13
2 13 13
2 14 13
2 15 13
2 16 13
2 17 13
2 18 13
2 19 13
2 20 13
2 21 13
2 22 13
2 23 13
2 24 13
2 25 13
2 26 13
2 27 13
2 28 13
2 29 13
2 30 13
2 31 13
2 32 13
2 33 13
2 34 13
2 35 13
2 36 13
2 37 13
2 38 13
-1
-1
-1
-1
-1
-1
-1
-1
-1
-1
-1
-1
-1
-1
-1
-1
-1
-1
-1
-1
-1
-1
-1
-1
-1
-1
-1
-1
-1
-1
-1
-1
-1
-1
-1
-1
-1
-1
-1
-1
-1
0 39 13
1 10 46
3 10 47
2 11 47
2 12 47
2 13 47
2 14 47
-1
-1
-1
-1
-1
-1
-1
-1
-1
-1
-1
-1
-1
-1
-1
-1
-1
-1
-1
-1
-1
-1
-1
-1
-1
-1
-1
-1
-1
-1
-1
0 15 47
1 39 14
1 39 15
1 39 16
1 39 17
1 39 18
3 39 19
-1
-1
-1
-1
-1
-1
-1
-1
-1
-1
-1
-1
-1
-1
-1
-1
-1
-1
-1
-1
-1
0 40 19
5 39 12
2 38 12
2 37 12
2 36 12
2 35 12
2 34 12
2 33 12
2 32 12
2 31 12
2 30 12
2 29 12
3 28 12
1 28 11
1 28 10
-1
-1
-1
-1
-1
-1
-1
-1
-1
-1
0 28 9
2 27 9
2 26 9
2 25 9
2 24 9
3 23 9
-1
-1
-1
-1
-1
-1
-1
-1
-1
-1
-1
-1
-1
0 23 8
2 1 8
3 0 8
1 0 7
1 0 6
-1
-1
-1
-1
-1
-1
-1
-1
-1
-1
0 0 5
5 10 44
3 9 44
1 9 43
1 9 42
1 9 41
1 9 40
1 9 39
1 9 38
-1
-1
-1
-1
-1
-1
0 9 37
4 15 48
2 14 48
2 13 48
2 12 48
2 11 48
2 10 48
2 9 48
2 8 48
2 7 48
2 6 48
2 5 48
2 4 48
2 3 48
2 2 48
3 1 48
0 1 47
4 40 13
1 40 12
5 40 11
2 39 11
3 38 11
1 38 10
1 38 9
1 38 8
1 38 7
-1
0 38 6
6 2 7
2 3 7
2 4 7
2 5 7
2 6 7
4 7 7
-1
-1
-1
0 7 6
2 16 47
2 17 47
2 18 47
2 19 47
2 20 47
2 21 47
2 22 47
4 23 47
-1
-1
0 23 46
3 0 47
1 0 46
1 0 45
1 0 44
1 0 43
1 0 42
-1
-1
0 0 41
2 10 37
2 11 37
2 12 37
4 13 37
1 13 36
1 13 35
1 13 34
1 13 33
1 13 32
1 13 31
1 13 30
0 13 29
2 8 37
2 7 37
2 6 37
3 5 37
1 5 36
1 5 35
1 5 34
0 5 33
2 22 8
2 21 8
2 20 8
2 19 8
6 18 8
1 18 9
0 18 10
6 4 33
1 4 34
1 4 35
1 4 36
1 4 37
1 4 38
1 4 39
1 4 40
0 4 41
2 2 47
2 3 47
2 4 47
2 5 47
2 6 47
2 7 47
4 8 47
0 8 46
2 24 46
2 25 46
2 26 46
4 27 46
1 27 45
1 27 44
1 27 43
1 27 42
1 27 41
1 27 40
1 27 39
1 27 38
1 27 37
1 27 36
0 27 35
2 26 35
2 25 35
2 24 35
3 23 35
1 23 34
1 23 33
0 23 32
2 37 6
2 36 6
2 35 6
6 34 6
1 34 7
0 34 8
-1
-1
-1
-1
-1
-1
-1
-1
-1
-1
-1
-1
-1
-1
-1
-1
-1
-1
-1
-1
-1
-1
-1
-1
-1
-1
-1
-1
-1
-1
-1
-1
-1
-1
-1
-1
-1
-1
-1
-1
-1
-1
-1
-1
-1
-1
-1
-1
-1
-1
-1
-1
-1
-1
-1
-1
-1
-1
-1
-1
-1
-1
-1
-1
-1
-1
-1
-1
-1
-1
-1
-1
-1
-1
-1
-1
-1
-1
-1
-1
-1
-1
-1
-1
-1
-1
-1
-1
-1
-1
-1
-1
-1
-1
-1
-1
-1
-1
-1
-1
-1
-1
-1
-1
-1
-1
-1
-1
-1
-1
-1
-1
-1
-1
-1
-1
-1
-1
-1
-1
-1
-1
-1
-1
-1
-1
-1
-1
-1
-1
-1
-1
-1
-1
-1
-1
-1
-1
-1
-1
-1
-1
-1
-1
-1
-1
-1
-1
-1
-1
-1
-1
-1
-1
-1
-1
-1
-1
-1
-1
-1
-1
-1
-1
-1
-1
-1
-1
-1
-1
-1
-1
-1
-1
-1
-1
-1
-1
-1
-1
-1
-1
-1
-1
-1
-1
-1
-1
-1
-1
-1
-1
-1
-1
-1
-1
-1
-1
-1
-1
-1
-1
-1
-1
-1
-1
-1
-1
-1
-1
-1
-1
-1
-1
-1
-1
-1
-1
-1
-1
-1
-1
-1
-1
-1
-1
-1
-1
-1
-1
-1
-1
-1
-1
-1
-1
-1
-1
-1
-1
-1
-1
-1
-1
-1
-1
-1
-1
-1
-1
-1
-1
-1
-1
-1
-1
-1
-1
-1
-1
-1
-1
-1
-1
-1
-1
-1
-1
-1
-1
-1
-1
-1
-1
-1
-1
-1
-1
-1
-1
-1
-1
-1
-1
-1
-1
-1
-1
-1
-1
-1
-1
-1
-1
-1
-1
-1
-1
-1
-1
-1
-1
-1
-1
-1
-1
-1
-1
-1
-1
-1
-1
-1
-1
-1
-1
-1
-1
-1
-1
-1
-1
-1
-1
-1
-1
-1
-1
-1
-1
-1
-1
-1
-1
-1
-1
-1
-1
-1
-1
-1
-1
-1
-1
-1
-1
-1
-1
-1
-1
-1
-1
-1
-1
-1
-1
-1
-1
-1
-1
-1
-1
-1
-1
-1
-1
-1
-1
-1
-1
-1
-1
-1
-1
-1
-1
-1
-1
-1
-1
-1
-1
-1
-1
-1
-1
-1
-1
-1
-1
-1
-1
-1
-1
-1
-1
-1
-1
-1
-1
-1
-1
