0 13 34
2 14 34
2 15 34
2 16 34
2 17 34
2 18 34
2 19 34
2 20 34
2 21 34
2 22 34
2 23 34
4 24 34
1 24 33
1 24 32
1 24 31
1 24 30
1 24 29
1 24 28
1 24 27
1 24 26
1 24 25
1 24 24
1 24 23
1 24 22
1 24 21
1 24 20
1 24 19
1 24 18
1 24 17
1 24 16
1 24 15
1 24 14
1 24 13
1 24 12
1 24 11
0 24 10
1 13 35
1 13 36
1 13 37
1 13 38
1 13 39
1 13 40
1 13 41
1 13 42
1 13 43
1 13 44
1 13 45
3 13 46
-1
-1
-1
-1
-1
-1
-1
-1
-1
-1
-1
-1
-1
-1
-1
-1
-1
-1
-1
-1
-1
-1
-1
-1
-1
-1
-1
-1
-1
-1
-1
-1
-1
-1
-1
-1
-1
-1
-1
-1
-1
-1
-1
-1
-1
-1
-1
-1
-1
-1
-1
-1
-1
-1
-1
-1
-1
-1
-1
-1
-1
-1
-1
0 14 46
2 25 10
2 26 10
2 27 10
2 28 10
4 29 10
1 29 9
1 29 8
-1
-1
-1
-1
-1
-1
-1
-1
-1
-1
-1
-1
-1
-1
-1
-1
-1
-1
-1
-1
-1
-1
-1
-1
-1
-1
-1
-1
-1
-1
-1
-1
-1
-1
-1
-1
-1
-1
-1
-1
-1
0 29 7
4 14 47
2 13 47
2 12 47
2 11 47
2 10 47
2 9 47
2 8 47
2 7 47
2 6 47
2 5 47
2 4 47
2 3 47
2 2 47
-1
-1
-1
-1
-1
-1
-1
-1
-1
-1
-1
-1
-1
-1
-1
-1
-1
-1
-1
-1
-1
-1
-1
-1
0 1 47
6 1 46
4 2 46
1 2 45
1 2 44
1 2 43
1 2 42
1 2 41
1 2 40
1 2 39
-1
-1
-1
-1
-1
-1
-1
-1
-1
-1
-1
-1
-1
-1
-1
0 2 38
2 30 7
2 31 7
2 32 7
2 33 7
2 34 7
4 35 7
1 35 6
1 35 5
1 35 4
-1
-1
-1
-1
-1
-1
-1
-1
-1
-1
0 35 3
5 36 3
1 36 4
1 36 5
1 36 6
1 36 7
4 36 8
2 35 8
6 34 8
1 34 9
1 34 10
1 34 11
1 34 12
1 34 13
1 34 14
1 34 15
1 34 16
1 34 17
1 34 18
1 34 19
1 34 20
1 34 21
1 34 22
1 34 23
1 34 24
1 34 25
1 34 26
1 34 27
1 34 28
0 34 29
6 33 29
1 33 30
1 33 31
1 33 32
-1
0 33 33
6 35 2
2 36 2
5 37 2
1 37 3
1 37 4
1 37 5
1 37 6
1 37 7
1 37 8
4 37 9
-1
0 36 9
2 12 34
2 11 34
6 10 34
1 10 35
1 10 36
1 10 37
1 10 38
1 10 39
1 10 40
1 10 41
0 10 42
1 36 10
1 36 11
3 36 12
2 37 12
2 38 12
2 39 12
2 40 12
2 41 12
0 42 12
2 23 10
2 22 10
2 21 10
-1
-1
0 20 10
1 33 34
1 33 35
1 33 36
1 33 37
1 33 38
1 33 39
1 33 40
1 33 41
1 33 42
1 33 43
3 33 44
2 34 44
0 35 44
2 32 33
3 31 33
1 31 32
1 31 31
1 31 30
1 31 29
1 31 28
1 31 27
1 31 26
1 31 25
1 31 24
1 31 23
1 31 22
1 31 21
1 31 20
1 31 19
1 31 18
1 31 17
1 31 16
1 31 15
1 31 14
1 31 13
1 31 12
1 31 11
1 31 10
0 31 9
2 15 46
2 16 46
2 17 46
2 18 46
2 19 46
2 20 46
2 21 46
4 22 46
1 22 45
1 22 44
0 22 43
2 36 44
2 37 44
2 38 44
4 39 44
1 39 43
1 39 42
0 39 41
1 24 9
1 24 8
1 24 7
1 24 6
1 24 5
0 24 4
2 19 10
2 18 10
2 17 10
2 16 10
2 15 10
2 14 10
2 13 10
2 12 10
2 11 10
2 10 10
2 9 10
2 8 10
2 7 10
2 6 10
2 5 10
2 4 10
2 3 10
0 2 10
2 40 41
4 41 41
1 41 40
1 41 39
1 41 38
0 41 37
5 42 37
1 42 38
1 42 39
1 42 40
1 42 41
1 42 42
3 42 43
2 43 43
0 44 43
4 20 11
2 19 11
2 18 11
6 17 11
1 17 12
1 17 13
1 17 14
1 17 15
1 17 16
1 17 17
1 17 18
0 17 19
5 42 11
2 41 11
2 40 11
3 39 11
1 39 10
1 39 9
1 39 8
0 39 7
2 23 4
3 22 4
1 22 3
0 22 2
1 42 13
1 42 14
1 42 15
1 42 16
1 42 17
1 42 18
3 42 19
2 43 19
2 44 19
2 45 19
2 46 19
0 47 19
1 47 20
1 47 21
1 47 22
1 47 23
1 47 24
1 47 25
0 47 26
2 21 43
2 20 43
2 19 43
2 18 43
3 17 43
1 17 42
1 17 41
1 17 40
0 17 39
6 30 9
1 30 10
1 30 11
1 30 12
1 30 13
1 30 14
1 30 15
1 30 16
1 30 17
1 30 18
1 30 19
1 30 20
1 30 21
0 30 22
2 3 38
2 4 38
4 5 38
1 5 37
1 5 36
1 5 35
0 5 34
2 23 43
2 24 43
2 25 43
2 26 43
2 27 43
2 28 43
4 29 43
0 29 42
1 30 23
1 30 24
0 30 25
2 29 25
2 28 25
2 27 25
2 26 25
6 25 25
1 25 26
1 25 27
1 25 28
1 25 29
1 25 30
0 25 31
4 45 43
1 45 42
1 45 41
0 45 40
2 16 19
2 15 19
3 14 19
1 14 18
0 14 17
5 32 9
1 32 10
1 32 11
1 32 12
1 32 13
1 32 14
1 32 15
1 32 16
1 32 17
1 32 18
3 32 19
0 33 19
5 30 42
1 30 43
1 30 44
1 30 45
1 30 46
0 30 47
0 2 9
5 40 7
1 40 8
1 40 9
0 40 10
4 44 44
2 43 44
2 42 44
6 41 44
1 41 45
1 41 46
0 41 47
4 17 20
6 16 20
1 16 21
1 16 22
1 16 23
1 16 24
0 16 25
2 21 2
2 20 2
2 19 2
2 18 2
2 17 2
2 16 2
2 15 2
2 14 2
2 13 2
2 12 2
0 11 2
6 39 6
2 40 6
2 41 6
2 42 6
2 43 6
2 44 6
4 45 6
1 45 5
1 45 4
1 45 3
1 45 2
1 45 1
0 45 0
2 25 4
2 26 4
4 27 4
1 27 3
1 27 2
1 27 1
0 27 0
1 2 11
1 2 12
1 2 13
1 2 14
1 2 15
1 2 16
1 2 17
1 2 18
1 2 19
1 2 20
1 2 21
1 2 22
0 2 23
2 46 26
2 45 26
3 44 26
1 44 25
1 44 24
1 44 23
1 44 22
1 44 21
0 44 20
2 43 12
2 44 12
2 45 12
4 46 12
1 46 11
1 46 10
0 46 9
2 9 42
2 8 42
3 7 42
1 7 41
1 7 40
0 7 39
3 35 45
0 36 45
2 18 19
4 19 19
1 19 18
0 19 17
6 14 45
2 15 45
2 16 45
2 17 45
2 18 45
4 19 45
0 19 44
2 29 22
2 28 22
2 27 22
3 26 22
1 26 21
1 26 20
1 26 19
1 26 18
1 26 17
1 26 16
1 26 15
1 26 14
1 26 13
0 26 12
1 34 30
3 34 31
2 35 31
2 36 31
2 37 31
2 38 31
0 39 31
2 26 31
2 27 31
2 28 31
0 29 31
-1
-1
-1
-1
-1
-1
-1
-1
-1
-1
-1
-1
-1
-1
-1
-1
-1
-1
-1
-1
-1
-1
-1
-1
-1
-1
-1
-1
-1
-1
-1
-1
-1
-1
-1
-1
-1
-1
-1
-1
-1
-1
-1
-1
-1
-1
-1
-1
-1
-1
-1
-1
-1
-1
-1
-1
-1
-1
-1
-1
-1
-1
-1
-1
-1
-1
-1
-1
-1
-1
-1
-1
-1
-1
-1
-1
-1
-1
-1
-1
-1
-1
-1
-1
-1
-1
-1
-1
-1
-1
-1
-1
-1
-1
-1
-1
-1
-1
-1
-1
-1
-1
-1
-1
-1
-1
-1
-1
-1
-1
-1
-1
-1
-1
-1
-1
-1
-1
-1
-1
-1
-1
-1
-1
-1
-1
-1
-1
-1
-1
-1
-1
-1
-1
-1
-1
-1
-1
-1
-1
-1
-1
