0 22 14
1 22 15
1 22 16
1 22 17
1 22 18
1 22 19
1 22 20
1 22 21
1 22 22
1 22 23
1 22 24
1 22 25
1 22 26
1 22 27
1 22 28
1 22 29
1 22 30
1 22 31
1 22 32
1 22 33
1 22 34
1 22 35
1 22 36
1 22 37
1 22 38
1 22 39
1 22 40
1 22 41
3 22 42
2 23 42
2 24 42
2 25 42
2 26 42
2 27 42
2 28 42
2 29 42
2 30 42
2 31 42
2 32 42
2 33 42
2 34 42
0 35 42
2 21 14
2 20 14
2 19 14
2 18 14
2 17 14
2 16 14
2 15 14
2 14 14
2 13 14
2 12 14
2 11 14
2 10 14
2 9 14
2 8 14
2 7 14
2 6 14
2 5 14
3 4 14
1 4 13
1 4 12
1 4 11
1 4 10
1 4 9
1 4 8
1 4 7
-1
-1
-1
-1
-1
-1
-1
-1
-1
-1
-1
-1
-1
-1
-1
-1
-1
-1
-1
-1
-1
-1
-1
-1
-1
-1
-1
-1
-1
-1
-1
-1
0 4 6
1 35 43
3 35 44
2 36 44
2 37 44
2 38 44
-1
-1
-1
-1
-1
-1
-1
-1
-1
-1
-1
-1
-1
-1
-1
-1
-1
-1
-1
-1
-1
-1
-1
-1
-1
-1
-1
-1
-1
-1
-1
-1
0 39 44
2 3 6
2 2 6
2 1 6
3 0 6
1 0 5
1 0 4
1 0 3
-1
-1
-1
-1
-1
-1
-1
-1
-1
-1
-1
-1
-1
-1
-1
-1
-1
-1
-1
-1
-1
-1
0 0 2
5 5 6
1 5 7
1 5 8
1 5 9
1 5 10
1 5 11
1 5 12
3 5 13
2 6 13
2 7 13
-1
-1
-1
-1
-1
-1
-1
-1
-1
-1
-1
0 8 13
2 23 14
2 24 14
4 25 14
1 25 13
-1
-1
-1
-1
-1
-1
-1
-1
-1
-1
-1
0 25 12
2 40 44
2 41 44
2 42 44
2 43 44
2 44 44
2 45 44
2 46 44
4 47 44
1 47 43
1 47 42
1 47 41
1 47 40
1 47 39
1 47 38
1 47 37
1 47 36
1 47 35
1 47 34
0 47 33
5 22 13
2 21 13
2 20 13
3 19 13
1 19 12
1 19 11
1 19 10
1 19 9
-1
-1
-1
-1
-1
0 19 8
5 35 41
2 34 41
3 33 41
1 33 40
1 33 39
1 33 38
-1
-1
-1
-1
-1
0 33 37
2 26 12
2 27 12
2 28 12
2 29 12
4 30 12
1 30 11
1 30 10
1 30 9
1 30 8
1 30 7
1 30 6
1 30 5
1 30 4
1 30 3
0 30 2
5 31 2
1 31 3
1 31 4
1 31 5
1 31 6
1 31 7
1 31 8
1 31 9
1 31 10
3 31 11
2 32 11
2 33 11
2 34 11
0 35 11
5 34 37
3 34 38
2 35 38
2 36 38
0 37 38
4 39 45
2 38 45
2 37 45
2 36 45
2 35 45
2 34 45
2 33 45
2 32 45
2 31 45
2 30 45
2 29 45
2 28 45
2 27 45
2 26 45
2 25 45
2 24 45
2 23 45
2 22 45
2 21 45
2 20 45
2 19 45
2 18 45
2 17 45
2 16 45
2 15 45
2 14 45
2 13 45
2 12 45
2 11 45
2 10 45
2 9 45
3 8 45
1 8 44
1 8 43
1 8 42
1 8 41
1 8 40
1 8 39
1 8 38
1 8 37
1 8 36
1 8 35
1 8 34
1 8 33
1 8 32
1 8 31
1 8 30
1 8 29
1 8 28
1 8 27
1 8 26
1 8 25
1 8 24
1 8 23
1 8 22
1 8 21
0 8 20
4 35 12
2 34 12
2 33 12
2 32 12
6 31 12
4 31 13
2 30 13
2 29 13
2 28 13
2 27 13
0 26 13
2 24 12
2 23 12
3 22 12
1 22 11
0 22 10
2 46 33
2 45 33
2 44 33
2 43 33
2 42 33
3 41 33
1 41 32
1 41 31
1 41 30
1 41 29
1 41 28
1 41 27
1 41 26
1 41 25
0 41 24
1 26 14
3 26 15
2 27 15
2 28 15
0 29 15
2 40 24
2 39 24
3 38 24
1 38 23
1 38 22
1 38 21
0 38 20
5 9 20
1 9 21
1 9 22
1 9 23
1 9 24
1 9 25
1 9 26
1 9 27
1 9 28
1 9 29
1 9 30
1 9 31
1 9 32
1 9 33
1 9 34
1 9 35
1 9 36
1 9 37
3 9 38
2 10 38
2 11 38
2 12 38
0 13 38
2 38 38
2 39 38
2 40 38
4 41 38
1 41 37
1 41 36
0 41 35
6 8 19
2 9 19
5 10 19
1 10 20
1 10 21
3 10 22
2 11 22
0 12 22
2 13 22
2 14 22
2 15 22
2 16 22
2 17 22
2 18 22
2 19 22
0 20 22
5 48 33
1 48 34
1 48 35
1 48 36
1 48 37
1 48 38
1 48 39
1 48 40
1 48 41
1 48 42
1 48 43
1 48 44
4 48 45
2 47 45
2 46 45
0 45 45
5 36 11
1 36 12
4 36 13
0 35 13
2 7 20
2 6 20
2 5 20
2 4 20
2 3 20
2 2 20
2 1 20
3 0 20
1 0 19
1 0 18
1 0 17
1 0 16
1 0 15
1 0 14
1 0 13
1 0 12
1 0 11
1 0 10
1 0 9
1 0 8
0 0 7
4 36 42
1 36 41
5 36 40
2 35 40
0 34 40
5 42 24
1 42 25
1 42 26
1 42 27
1 42 28
0 42 29
2 32 37
2 31 37
2 30 37
2 29 37
2 28 37
2 27 37
2 26 37
2 25 37
2 24 37
6 23 37
0 23 38
4 20 23
2 19 23
2 18 23
6 17 23
1 17 24
1 17 25
1 17 26
1 17 27
0 17 28
6 33 36
4 34 36
1 34 35
1 34 34
1 34 33
0 34 32
6 35 10
2 36 10
2 37 10
2 38 10
4 39 10
1 39 9
0 39 8
1 29 16
1 29 17
1 29 18
1 29 19
1 29 20
1 29 21
3 29 22
0 30 22
1 20 21
1 20 20
1 20 19
0 20 18
6 39 43
2 40 43
2 41 43
2 42 43
2 43 43
4 44 43
1 44 42
0 44 41
2 33 32
2 32 32
2 31 32
2 30 32
2 29 32
6 28 32
1 28 33
1 28 34
0 28 35
2 39 20
4 40 20
1 40 19
1 40 18
0 40 17
1 30 23
1 30 24
3 30 25
2 31 25
2 32 25
0 33 25
2 44 45
2 43 45
2 42 45
2 41 45
6 40 45
4 40 46
2 39 46
2 38 46
2 37 46
2 36 46
2 35 46
2 34 46
0 33 46
1 17 29
1 17 30
1 17 31
3 17 32
0 18 32
2 18 8
6 17 8
1 17 9
1 17 10
1 17 11
1 17 12
0 17 13
1 13 39
1 13 40
1 13 41
1 13 42
1 13 43
3 13 44
2 14 44
2 15 44
2 16 44
2 17 44
2 18 44
2 19 44
2 20 44
2 21 44
2 22 44
2 23 44
2 24 44
2 25 44
0 26 44
0 35 32
2 18 28
2 19 28
4 20 28
0 20 27
2 23 10
4 24 10
1 24 9
1 24 8
1 24 7
1 24 6
0 24 5
4 33 26
2 32 26
2 31 26
2 30 26
6 29 26
0 29 27
2 32 46
2 31 46
2 30 46
2 29 46
2 28 46
2 27 46
2 26 46
2 25 46
2 24 46
2 23 46
2 22 46
2 21 46
2 20 46
2 19 46
2 18 46
2 17 46
2 16 46
0 15 46
2 27 44
2 28 44
2 29 44
0 30 44
5 1 7
1 1 8
1 1 9
1 1 10
1 1 11
0 1 12
2 28 27
2 27 27
2 26 27
3 25 27
1 25 26
1 25 25
1 25 24
1 25 23
1 25 22
1 25 21
1 25 20
1 25 19
0 25 18
5 41 23
2 40 23
3 39 23
1 39 22
0 39 21
2 24 18
3 23 18
0 23 17
4 29 28
2 28 28
2 27 28
2 26 28
2 25 28
2 24 28
3 23 28
1 23 27
1 23 26
1 23 25
1 23 24
1 23 23
0 23 22
4 20 8
1 20 7
1 20 6
1 20 5
1 20 4
1 20 3
0 20 2
0 44 40
5 14 38
1 14 39
1 14 40
1 14 41
1 14 42
3 14 43
0 15 43
-1
-1
-1
-1
-1
-1
-1
-1
-1
-1
-1
-1
-1
-1
-1
-1
-1
-1
-1
-1
-1
-1
-1
-1
-1
-1
-1
-1
-1
-1
-1
-1
-1
-1
-1
-1
-1
-1
-1
-1
-1
-1
-1
-1
-1
-1
-1
-1
-1
-1
-1
-1
-1
-1
-1
-1
-1
-1
-1
-1
-1
-1
-1
-1
-1
-1
-1
-1
-1
-1
-1
-1
-1
-1
-1
-1
-1
-1
-1
-1
-1
-1
-1
-1
-1
-1
-1
-1
-1
-1
-1
-1
-1
-1
-1
-1
-1
-1
-1
-1
-1
-1
-1
-1
-1
