0 3 31
2 4 31
2 5 31
2 6 31
2 7 31
2 8 31
2 9 31
2 10 31
2 11 31
2 12 31
2 13 31
2 14 31
2 15 31
2 16 31
2 17 31
2 18 31
2 19 31
2 20 31
2 21 31
2 22 31
2 23 31
2 24 31
2 25 31
2 26 31
2 27 31
2 28 31
2 29 31
2 30 31
2 31 31
2 32 31
2 33 31
2 34 31
2 35 31
2 36 31
2 37 31
2 38 31
2 39 31
2 40 31
2 41 31
2 42 31
4 43 31
1 43 30
1 43 29
1 43 28
1 43 27
1 43 26
1 43 25
1 43 24
1 43 23
1 43 22
1 43 21
1 43 20
1 43 19
1 43 18
1 43 17
1 43 16
1 43 15
1 43 14
1 43 13
1 43 12
1 43 11
1 43 10
1 43 9
1 43 8
1 43 7
1 43 6
1 43 5
1 43 4
1 43 3
0 43 2
1 3 32
1 3 33
1 3 34
1 3 35
1 3 36
1 3 37
1 3 38
1 3 39
1 3 40
1 3 41
1 3 42
1 3 43
1 3 44
1 3 45
1 3 46
3 3 47
2 4 47
2 5 47
2 6 47
2 7 47
2 8 47
2 9 47
2 10 47
2 11 47
2 12 47
2 13 47
2 14 47
2 15 47
2 16 47
2 17 47
-1
-1
-1
-1
-1
-1
-1
0 18 47
2 42 2
2 41 2
6 40 2
1 40 3
1 40 4
1 40 5
1 40 6
1 40 7
-1
-1
-1
-1
-1
-1
-1
-1
-1
-1
-1
-1
-1
-1
-1
-1
-1
-1
-1
0 40 8
2 19 47
2 20 47
2 21 47
2 22 47
2 23 47
4 24 47
1 24 46
1 24 45
1 24 44
1 24 43
-1
-1
-1
-1
-1
-1
-1
-1
0 24 42
6 3 30
2 4 30
2 5 30
2 6 30
2 7 30
2 8 30
2 9 30
2 10 30
2 11 30
2 12 30
2 13 30
4 14 30
1 14 29
1 14 28
1 14 27
1 14 26
1 14 25
1 14 24
1 14 23
1 14 22
1 14 21
1 14 20
1 14 19
1 14 18
1 14 17
1 14 16
1 14 15
1 14 14
1 14 13
0 14 12
2 39 8
2 38 8
2 37 8
2 36 8
2 35 8
2 34 8
6 33 8
1 33 9
1 33 10
0 33 11
5 25 42
1 25 43
1 25 44
3 25 45
2 26 45
2 27 45
2 28 45
2 29 45
2 30 45
2 31 45
2 32 45
2 33 45
2 34 45
2 35 45
2 36 45
2 37 45
2 38 45
2 39 45
2 40 45
2 41 45
2 42 45
2 43 45
2 44 45
2 45 45
0 46 45
3 18 48
2 19 48
2 20 48
2 21 48
2 22 48
2 23 48
2 24 48
2 25 48
2 26 48
2 27 48
2 28 48
4 29 48
0 29 47
6 2 31
1 2 32
1 2 33
1 2 34
1 2 35
0 2 36
2 32 11
2 31 11
2 30 11
2 29 11
2 28 11
2 27 11
2 26 11
6 25 11
1 25 12
1 25 13
1 25 14
1 25 15
1 25 16
1 25 17
1 25 18
1 25 19
0 25 20
5 44 2
3 44 3
2 45 3
2 46 3
0 47 3
1 25 21
1 25 22
1 25 23
3 25 24
2 26 24
2 27 24
2 28 24
2 29 24
0 30 24
5 46 44
2 45 44
2 44 44
2 43 44
2 42 44
2 41 44
3 40 44
1 40 43
1 40 42
1 40 41
1 40 40
1 40 39
1 40 38
1 40 37
0 40 36
5 18 46
2 17 46
2 16 46
2 15 46
2 14 46
2 13 46
2 12 46
2 11 46
2 10 46
3 9 46
0 9 45
2 41 36
2 42 36
4 43 36
1 43 35
0 43 34
2 13 12
6 12 12
1 12 13
1 12 14
1 12 15
1 12 16
1 12 17
0 12 18
2 31 24
2 32 24
2 33 24
2 34 24
4 35 24
1 35 23
1 35 22
0 35 21
1 2 37
1 2 38
0 2 39
5 15 12
1 15 13
1 15 14
1 15 15
1 15 16
1 15 17
3 15 18
2 16 18
0 17 18
2 8 45
3 7 45
1 7 44
1 7 43
1 7 42
1 7 41
1 7 40
1 7 39
0 7 38
6 24 20
1 24 21
1 24 22
1 24 23
1 24 24
0 24 25
2 23 42
3 22 42
1 22 41
1 22 40
0 22 39
2 18 18
2 19 18
2 20 18
2 21 18
2 22 18
4 23 18
0 23 17
4 47 45
1 47 44
5 47 43
2 46 43
2 45 43
0 44 43
2 44 34
2 45 34
4 46 34
1 46 33
1 46 32
1 46 31
1 46 30
1 46 29
1 46 28
1 46 27
1 46 26
0 46 25
2 11 18
2 10 18
6 9 18
0 9 19
1 2 40
1 2 41
1 2 42
1 2 43
1 2 44
1 2 45
1 2 46
0 2 47
1 17 19
1 17 20
3 17 21
2 18 21
2 19 21
0 20 21
2 21 39
2 20 39
2 19 39
3 18 39
1 18 38
1 18 37
1 18 36
0 18 35
5 43 1
2 42 1
2 41 1
2 40 1
2 39 1
2 38 1
0 37 1
-1
-1
-1
-1
-1
-1
-1
-1
-1
-1
-1
-1
-1
-1
-1
-1
-1
-1
-1
-1
-1
-1
-1
-1
-1
-1
-1
-1
-1
-1
-1
-1
-1
-1
-1
-1
-1
-1
-1
-1
-1
-1
-1
-1
-1
-1
-1
-1
-1
-1
-1
-1
-1
-1
-1
-1
-1
-1
-1
-1
-1
-1
-1
-1
-1
-1
-1
-1
-1
-1
-1
-1
-1
-1
-1
-1
-1
-1
-1
-1
-1
-1
-1
-1
-1
-1
-1
-1
-1
-1
-1
-1
-1
-1
-1
-1
-1
-1
-1
-1
-1
-1
-1
-1
-1
-1
-1
-1
-1
-1
-1
-1
-1
-1
-1
-1
-1
-1
-1
-1
-1
-1
-1
-1
-1
-1
-1
-1
-1
-1
-1
-1
-1
-1
-1
-1
-1
-1
-1
-1
-1
-1
-1
-1
-1
-1
-1
-1
-1
-1
-1
-1
-1
-1
-1
-1
-1
-1
-1
-1
-1
-1
-1
-1
-1
-1
-1
-1
-1
-1
-1
-1
-1
-1
-1
-1
-1
-1
-1
-1
-1
-1
-1
-1
-1
-1
-1
-1
-1
-1
-1
-1
-1
-1
-1
-1
-1
-1
-1
-1
-1
-1
-1
-1
-1
-1
-1
-1
-1
-1
-1
-1
-1
-1
-1
-1
-1
-1
-1
-1
-1
-1
-1
-1
-1
-1
-1
-1
-1
-1
-1
-1
-1
-1
-1
-1
-1
-1
-1
-1
-1
-1
-1
-1
-1
-1
-1
-1
-1
-1
-1
-1
-1
-1
-1
-1
-1
-1
-1
-1
-1
-1
-1
-1
-1
-1
-1
-1
-1
-1
-1
-1
-1
-1
-1
-1
-1
-1
-1
-1
-1
-1
-1
-1
-1
-1
-1
-1
-1
-1
-1
-1
-1
-1
-1
-1
-1
-1
-1
-1
-1
-1
-1
-1
-1
-1
-1
-1
-1
-1
-1
-1
-1
-1
-1
-1
-1
-1
-1
-1
-1
-1
-1
-1
-1
-1
-1
-1
-1
-1
-1
-1
-1
-1
-1
-1
-1
-1
-1
-1
-1
-1
-1
-1
-1
-1
-1
-1
-1
-1
-1
-1
-1
-1
-1
-1
-1
-1
-1
-1
-1
-1
-1
-1
-1
-1
-1
-1
-1
-1
-1
-1
-1
-1
-1
-1
-1
-1
-1
-1
-1
-1
-1
-1
-1
-1
-1
-1
-1
-1
-1
-1
-1
