0 28 29
1 28 30
1 28 31
1 28 32
1 28 33
1 28 34
3 28 35
2 29 35
2 30 35
2 31 35
2 32 35
2 33 35
2 34 35
2 35 35
2 36 35
2 37 35
2 38 35
0 39 35
2 27 29
2 26 29
2 25 29
2 24 29
2 23 29
2 22 29
2 21 29
2 20 29
2 19 29
2 18 29
2 17 29
2 16 29
2 15 29
2 14 29
2 13 29
2 12 29
2 11 29
2 10 29
2 9 29
2 8 29
2 7 29
2 6 29
2 5 29
2 4 29
2 3 29
6 2 29
-1
-1
-1
-1
-1
-1
-1
-1
-1
-1
-1
-1
-1
-1
-1
-1
-1
-1
-1
-1
-1
-1
-1
-1
-1
-1
-1
-1
-1
-1
-1
-1
-1
-1
-1
-1
-1
-1
-1
-1
-1
-1
-1
-1
-1
-1
-1
-1
-1
-1
-1
-1
-1
-1
-1
-1
-1
-1
-1
-1
-1
-1
-1
-1
-1
-1
-1
-1
-1
-1
-1
-1
-1
-1
-1
-1
-1
-1
-1
-1
-1
-1
-1
-1
-1
-1
-1
-1
-1
-1
-1
-1
-1
-1
-1
-1
0 2 30
5 28 28
2 27 28
2 26 28
-1
2 25 28
2 24 28
2 23 28
2 22 28
2 21 28
2 20 28
-1
2 19 28
3 18 28
1 18 27
1 18 26
1 18 25
1 18 24
-1
1 18 23
1 18 22
1 18 21
1 18 20
1 18 19
1 18 18
-1
1 18 17
-1
-1
-1
-1
-1
-1
-1
-1
-1
-1
-1
-1
-1
-1
-1
-1
-1
-1
-1
-1
-1
-1
-1
-1
-1
-1
-1
-1
-1
-1
-1
-1
-1
-1
-1
-1
-1
-1
-1
-1
-1
-1
-1
-1
-1
-1
-1
-1
-1
-1
-1
-1
-1
-1
-1
-1
-1
0 18 16
5 39 34
3 38 34
1 38 33
1 38 32
1 38 31
1 38 30
-1
-1
-1
-1
-1
-1
-1
-1
-1
-1
-1
-1
-1
-1
-1
-1
-1
-1
-1
-1
-1
-1
-1
-1
-1
-1
-1
-1
-1
-1
-1
-1
-1
-1
-1
-1
-1
-1
0 38 29
3 1 30
1 1 29
6 1 28
2 2 28
2 3 28
2 4 28
2 5 28
2 6 28
2 7 28
2 8 28
2 9 28
2 10 28
2 11 28
-1
-1
-1
-1
-1
-1
-1
-1
-1
-1
-1
-1
-1
-1
-1
-1
-1
-1
-1
-1
-1
-1
-1
-1
-1
-1
0 12 28
2 39 29
2 40 29
2 41 29
2 42 29
4 43 29
1 43 28
1 43 27
1 43 26
1 43 25
1 43 24
-1
-1
-1
-1
-1
-1
-1
-1
-1
-1
-1
-1
-1
-1
-1
-1
-1
-1
-1
-1
-1
0 43 23
4 39 36
2 38 36
2 37 36
2 36 36
2 35 36
2 34 36
2 33 36
2 32 36
2 31 36
2 30 36
2 29 36
2 28 36
2 27 36
6 26 36
-1
-1
-1
-1
-1
-1
-1
-1
-1
-1
-1
-1
-1
-1
0 26 37
1 26 38
3 26 39
2 27 39
2 28 39
2 29 39
2 30 39
2 31 39
2 32 39
2 33 39
-1
-1
-1
-1
-1
-1
-1
-1
-1
-1
-1
-1
-1
0 34 39
5 40 35
1 40 36
1 40 37
3 40 38
2 41 38
2 42 38
2 43 38
2 44 38
2 45 38
2 46 38
-1
-1
-1
-1
-1
-1
-1
-1
-1
-1
-1
0 47 38
4 29 29
1 29 28
5 29 27
2 28 27
2 27 27
2 26 27
2 25 27
2 24 27
2 23 27
2 22 27
3 21 27
-1
-1
-1
-1
-1
-1
-1
-1
-1
0 21 26
2 17 16
2 16 16
2 15 16
2 14 16
2 13 16
2 12 16
2 11 16
2 10 16
2 9 16
2 8 16
2 7 16
2 6 16
2 5 16
2 4 16
2 3 16
2 2 16
3 1 16
1 1 15
1 1 14
1 1 13
1 1 12
1 1 11
1 1 10
1 1 9
0 1 8
6 38 28
-1
-1
-1
-1
-1
-1
-1
-1
-1
-1
0 39 28
2 19 16
2 20 16
2 21 16
2 22 16
2 23 16
2 24 16
2 25 16
2 26 16
2 27 16
2 28 16
2 29 16
2 30 16
2 31 16
4 32 16
1 32 15
1 32 14
1 32 13
1 32 12
1 32 11
1 32 10
1 32 9
1 32 8
1 32 7
1 32 6
1 32 5
1 32 4
1 32 3
1 32 2
1 32 1
0 32 0
5 18 15
3 17 15
1 17 14
1 17 13
1 17 12
1 17 11
1 17 10
1 17 9
1 17 8
1 17 7
1 17 6
1 17 5
1 17 4
1 17 3
0 17 2
1 2 31
1 2 32
1 2 33
1 2 34
3 2 35
2 3 35
2 4 35
2 5 35
2 6 35
2 7 35
2 8 35
2 9 35
0 10 35
5 12 27
2 11 27
2 10 27
2 9 27
3 8 27
1 8 26
1 8 25
1 8 24
1 8 23
1 8 22
1 8 21
1 8 20
1 8 19
1 8 18
0 8 17
2 37 29
2 36 29
2 35 29
2 34 29
2 33 29
2 32 29
3 31 29
1 31 28
1 31 27
0 31 26
5 10 34
2 9 34
2 8 34
2 7 34
2 6 34
0 5 34
2 11 35
2 12 35
2 13 35
2 14 35
4 15 35
1 15 34
1 15 33
-1
-1
-1
0 15 32
4 34 40
2 33 40
2 32 40
-1
-1
-1
-1
-1
-1
0 31 40
1 21 25
1 21 24
1 21 23
1 21 22
1 21 21
1 21 20
-1
-1
-1
0 21 19
4 10 36
2 9 36
2 8 36
2 7 36
2 6 36
2 5 36
2 4 36
2 3 36
2 2 36
2 1 36
6 0 36
1 0 37
1 0 38
1 0 39
0 0 40
2 35 39
2 36 39
2 37 39
2 38 39
2 39 39
0 40 39
2 16 2
2 15 2
2 14 2
2 13 2
2 12 2
2 11 2
2 10 2
2 9 2
0 8 2
1 31 41
1 31 42
1 31 43
1 31 44
1 31 45
1 31 46
3 31 47
2 32 47
2 33 47
2 34 47
2 35 47
0 36 47
1 8 3
1 8 4
1 8 5
1 8 6
1 8 7
1 8 8
1 8 9
1 8 10
3 8 11
2 9 11
2 10 11
2 11 11
2 12 11
2 13 11
2 14 11
2 15 11
0 16 11
2 25 37
2 24 37
2 23 37
6 22 37
1 22 38
1 22 39
1 22 40
1 22 41
1 22 42
1 22 43
1 22 44
1 22 45
1 22 46
0 22 47
5 2 8
1 2 9
1 2 10
1 2 11
1 2 12
1 2 13
3 2 14
0 3 14
2 41 39
2 42 39
0 43 39
2 31 0
2 30 0
6 29 0
1 29 1
1 29 2
1 29 3
1 29 4
1 29 5
1 29 6
1 29 7
1 29 8
1 29 9
1 29 10
1 29 11
1 29 12
1 29 13
1 29 14
0 29 15
1 0 41
1 0 42
1 0 43
1 0 44
1 0 45
1 0 46
3 0 47
2 1 47
0 2 47
6 30 26
1 30 27
1 30 28
1 30 29
4 30 30
6 29 30
1 29 31
1 29 32
1 29 33
0 29 34
4 43 40
6 42 40
1 42 41
1 42 42
1 42 43
1 42 44
0 42 45
2 7 17
2 6 17
2 5 17
2 4 17
2 3 17
6 2 17
1 2 18
1 2 19
0 2 20
-1
-1
-1
-1
-1
-1
-1
-1
-1
-1
-1
-1
-1
-1
-1
-1
-1
-1
-1
-1
-1
-1
-1
-1
-1
-1
-1
-1
-1
-1
-1
-1
-1
-1
-1
-1
-1
-1
-1
-1
-1
-1
-1
-1
-1
-1
-1
-1
-1
-1
-1
-1
-1
-1
-1
-1
-1
-1
-1
-1
-1
-1
-1
-1
-1
-1
-1
-1
-1
