0 9 20
2 10 20
2 11 20
2 12 20
2 13 20
2 14 20
2 15 20
2 16 20
2 17 20
2 18 20
2 19 20
2 20 20
2 21 20
2 22 20
2 23 20
4 24 20
1 24 19
1 24 18
1 24 17
1 24 16
1 24 15
0 24 14
1 9 21
1 9 22
1 9 23
1 9 24
1 9 25
1 9 26
1 9 27
1 9 28
1 9 29
1 9 30
1 9 31
1 9 32
1 9 33
1 9 34
1 9 35
1 9 36
1 9 37
1 9 38
-1
1 9 39
-1
-1
1 9 40
-1
3 9 41
-1
-1
2 10 41
-1
2 11 41
-1
-1
-1
-1
-1
-1
-1
-1
-1
-1
-1
-1
-1
-1
-1
-1
-1
-1
-1
-1
-1
-1
-1
-1
-1
-1
-1
-1
-1
-1
-1
-1
-1
-1
-1
-1
-1
-1
-1
-1
-1
-1
-1
-1
-1
-1
-1
-1
-1
-1
-1
-1
-1
-1
-1
-1
-1
-1
-1
-1
-1
-1
-1
-1
-1
-1
-1
-1
-1
-1
-1
-1
-1
-1
-1
-1
-1
-1
-1
-1
-1
-1
-1
-1
-1
-1
-1
-1
-1
-1
-1
-1
-1
-1
-1
-1
-1
-1
-1
-1
-1
-1
-1
-1
-1
-1
-1
-1
-1
-1
-1
-1
-1
-1
-1
-1
-1
-1
-1
-1
-1
0 12 41
-1
5 25 14
1 25 15
1 25 16
3 25 17
-1
2 26 17
2 27 17
-1
-1
-1
-1
-1
-1
-1
-1
-1
-1
-1
-1
-1
-1
-1
-1
-1
-1
-1
-1
-1
-1
-1
-1
-1
-1
-1
-1
-1
-1
-1
-1
-1
-1
-1
-1
-1
-1
-1
-1
-1
-1
-1
-1
-1
-1
-1
-1
-1
-1
-1
-1
-1
-1
-1
-1
-1
-1
-1
-1
-1
-1
-1
0 28 17
4 12 42
2 11 42
2 10 42
2 9 42
2 8 42
2 7 42
2 6 42
2 5 42
2 4 42
2 3 42
2 2 42
-1
-1
-1
-1
-1
-1
-1
-1
-1
-1
-1
-1
-1
-1
-1
-1
-1
-1
-1
-1
-1
-1
-1
-1
-1
-1
-1
-1
-1
-1
-1
-1
-1
-1
-1
-1
-1
-1
-1
-1
-1
-1
0 1 42
2 8 20
2 7 20
2 6 20
6 5 20
1 5 21
1 5 22
1 5 23
1 5 24
1 5 25
1 5 26
1 5 27
1 5 28
1 5 29
-1
-1
-1
-1
-1
-1
-1
-1
-1
-1
-1
-1
-1
-1
-1
-1
-1
-1
-1
-1
-1
-1
-1
-1
0 5 30
1 28 16
1 28 15
-1
-1
-1
-1
-1
-1
-1
-1
-1
-1
-1
-1
-1
-1
-1
-1
-1
-1
-1
-1
-1
-1
-1
0 28 14
4 28 18
6 27 18
1 27 19
1 27 20
1 27 21
1 27 22
1 27 23
1 27 24
1 27 25
1 27 26
1 27 27
1 27 28
-1
-1
-1
-1
-1
-1
-1
-1
-1
-1
-1
-1
0 27 29
4 13 41
1 13 40
1 13 39
1 13 38
1 13 37
1 13 36
1 13 35
1 13 34
1 13 33
1 13 32
1 13 31
1 13 30
-1
-1
-1
-1
-1
-1
-1
-1
-1
0 13 29
1 27 30
1 27 31
1 27 32
1 27 33
1 27 34
1 27 35
1 27 36
1 27 37
1 27 38
1 27 39
1 27 40
1 27 41
1 27 42
1 27 43
1 27 44
1 27 45
1 27 46
3 27 47
2 28 47
2 29 47
2 30 47
2 31 47
2 32 47
2 33 47
2 34 47
2 35 47
2 36 47
2 37 47
0 38 47
2 23 14
2 22 14
2 21 14
2 20 14
2 19 14
2 18 14
2 17 14
2 16 14
2 15 14
3 14 14
1 14 13
1 14 12
1 14 11
1 14 10
1 14 9
1 14 8
0 14 7
5 15 7
3 15 8
2 16 8
2 17 8
2 18 8
2 19 8
-1
-1
-1
-1
-1
0 20 8
2 39 47
2 40 47
2 41 47
4 42 47
1 42 46
1 42 45
1 42 44
1 42 43
1 42 42
-1
-1
-1
0 42 41
2 4 30
2 3 30
2 2 30
3 1 30
-1
-1
-1
-1
-1
0 1 29
2 6 30
4 7 30
1 7 29
1 7 28
1 7 27
1 7 26
1 7 25
1 7 24
-1
-1
0 7 23
2 14 29
2 15 29
4 16 29
1 16 28
1 16 27
1 16 26
1 16 25
1 16 24
1 16 23
1 16 22
0 16 21
4 38 48
2 37 48
2 36 48
2 35 48
2 34 48
2 33 48
2 32 48
2 31 48
2 30 48
2 29 48
2 28 48
2 27 48
2 26 48
2 25 48
2 24 48
2 23 48
2 22 48
2 21 48
2 20 48
3 19 48
0 19 47
5 9 19
2 8 19
2 7 19
2 6 19
3 5 19
1 5 18
1 5 17
1 5 16
0 5 15
2 29 14
2 30 14
2 31 14
2 32 14
2 33 14
2 34 14
2 35 14
2 36 14
2 37 14
2 38 14
2 39 14
2 40 14
2 41 14
2 42 14
2 43 14
2 44 14
4 45 14
1 45 13
1 45 12
1 45 11
1 45 10
1 45 9
1 45 8
0 45 7
5 28 29
1 28 30
1 28 31
0 28 32
2 15 21
2 14 21
2 13 21
2 12 21
2 11 21
6 10 21
0 10 22
6 28 13
2 29 13
4 30 13
1 30 12
1 30 11
1 30 10
1 30 9
1 30 8
1 30 7
1 30 6
1 30 5
1 30 4
1 30 3
1 30 2
0 30 1
2 18 47
2 17 47
2 16 47
2 15 47
2 14 47
3 13 47
1 13 46
1 13 45
1 13 44
1 13 43
0 13 42
2 29 32
2 30 32
2 31 32
2 32 32
2 33 32
2 34 32
2 35 32
2 36 32
2 37 32
4 38 32
1 38 31
0 38 30
5 31 1
1 31 2
1 31 3
1 31 4
1 31 5
1 31 6
1 31 7
3 31 8
2 32 8
0 33 8
5 14 42
1 14 43
1 14 44
3 14 45
0 15 45
6 1 41
2 2 41
2 3 41
2 4 41
2 5 41
2 6 41
4 7 41
0 7 40
5 29 17
3 29 18
2 30 18
2 31 18
2 32 18
2 33 18
2 34 18
2 35 18
2 36 18
2 37 18
2 38 18
2 39 18
2 40 18
2 41 18
0 42 18
2 41 41
2 40 41
2 39 41
0 38 41
4 42 19
2 41 19
2 40 19
2 39 19
2 38 19
2 37 19
2 36 19
2 35 19
2 34 19
2 33 19
2 32 19
2 31 19
6 30 19
1 30 20
0 30 21
4 2 29
1 2 28
1 2 27
1 2 26
1 2 25
1 2 24
0 2 23
2 21 8
2 22 8
2 23 8
2 24 8
4 25 8
0 25 7
2 6 15
2 7 15
2 8 15
4 9 15
1 9 14
1 9 13
1 9 12
0 9 11
4 16 45
1 16 44
1 16 43
0 16 42
-1
-1
-1
-1
-1
-1
-1
-1
-1
-1
-1
-1
-1
-1
-1
-1
-1
-1
-1
-1
-1
-1
-1
-1
-1
-1
-1
-1
-1
-1
-1
-1
-1
-1
-1
-1
-1
-1
-1
-1
-1
-1
-1
-1
-1
-1
-1
-1
-1
-1
-1
-1
-1
-1
-1
-1
-1
-1
-1
-1
-1
-1
-1
-1
-1
-1
-1
-1
-1
-1
-1
-1
-1
-1
-1
-1
-1
-1
-1
-1
-1
-1
-1
-1
-1
-1
-1
-1
-1
-1
-1
-1
-1
-1
-1
-1
-1
-1
-1
-1
-1
