0 3 45
2 4 45
2 5 45
2 6 45
2 7 45
2 8 45
2 9 45
2 10 45
2 11 45
2 12 45
2 13 45
2 14 45
2 15 45
2 16 45
2 17 45
2 18 45
2 19 45
2 20 45
2 21 45
2 22 45
2 23 45
2 24 45
2 25 45
2 26 45
2 27 45
2 28 45
2 29 45
2 30 45
2 31 45
2 32 45
2 33 45
2 34 45
2 35 45
2 36 45
2 37 45
2 38 45
2 39 45
2 40 45
2 41 45
2 42 45
2 43 45
2 44 45
4 45 45
1 45 44
1 45 43
1 45 42
1 45 41
1 45 40
1 45 39
1 45 38
1 45 37
1 45 36
1 45 35
1 45 34
1 45 33
1 45 32
1 45 31
1 45 30
1 45 29
1 45 28
1 45 27
1 45 26
1 45 25
1 45 24
1 45 23
1 45 22
1 45 21
1 45 20
1 45 19
1 45 18
1 45 17
1 45 16
1 45 15
1 45 14
0 45 13
-1
-1
-1
-1
-1
-1
-1
-1
-1
-1
-1
-1
-1
-1
-1
-1
-1
-1
-1
-1
-1
-1
-1
-1
-1
-1
-1
-1
-1
-1
-1
-1
-1
-1
-1
-1
-1
-1
-1
-1
-1
-1
-1
-1
-1
-1
-1
-1
-1
-1
-1
-1
-1
-1
-1
-1
-1
-1
-1
-1
-1
0 7 6
1 7 7
1 7 8
-1
1 7 9
1 7 10
1 7 11
-1
3 7 12
2 8 12
2 9 12
2 10 12
-1
2 11 12
2 12 12
2 13 12
-1
2 14 12
2 15 12
2 16 12
-1
2 17 12
2 18 12
2 19 12
2 20 12
-1
2 21 12
2 22 12
2 23 12
-1
2 24 12
2 25 12
2 26 12
-1
2 27 12
2 28 12
2 29 12
2 30 12
-1
2 31 12
2 32 12
2 33 12
-1
2 34 12
2 35 12
2 36 12
-1
2 37 12
2 38 12
2 39 12
2 40 12
-1
2 41 12
2 42 12
2 43 12
-1
2 44 12
2 45 12
5 46 12
1 46 13
-1
1 46 14
1 46 15
1 46 16
-1
1 46 17
1 46 18
1 46 19
-1
1 46 20
1 46 21
1 46 22
1 46 23
-1
1 46 24
1 46 25
1 46 26
-1
1 46 27
1 46 28
1 46 29
-1
1 46 30
1 46 31
1 46 32
1 46 33
-1
1 46 34
1 46 35
1 46 36
-1
1 46 37
1 46 38
1 46 39
-1
1 46 40
1 46 41
1 46 42
1 46 43
-1
1 46 44
1 46 45
4 46 46
-1
6 45 46
-1
-1
-1
-1
-1
-1
-1
-1
-1
-1
-1
-1
-1
-1
-1
-1
-1
-1
-1
-1
-1
-1
-1
-1
-1
-1
-1
-1
-1
-1
-1
-1
-1
-1
-1
-1
-1
-1
-1
-1
-1
-1
-1
-1
-1
-1
-1
-1
-1
-1
-1
-1
-1
-1
-1
-1
-1
-1
-1
-1
-1
-1
-1
-1
0 45 47
-1
-1
-1
-1
-1
-1
-1
-1
-1
-1
-1
-1
-1
-1
-1
-1
-1
-1
-1
-1
-1
-1
-1
-1
-1
-1
-1
-1
-1
-1
-1
0 8 6
-1
-1
-1
-1
-1
-1
-1
-1
-1
-1
-1
-1
-1
-1
-1
-1
-1
-1
-1
-1
-1
-1
-1
-1
-1
-1
-1
-1
-1
-1
-1
-1
-1
-1
-1
-1
-1
-1
-1
-1
-1
-1
-1
-1
-1
-1
-1
-1
-1
-1
-1
-1
-1
-1
-1
-1
-1
-1
-1
-1
-1
-1
-1
-1
-1
-1
-1
-1
-1
-1
-1
-1
-1
-1
-1
-1
-1
-1
-1
-1
-1
-1
-1
-1
-1
-1
-1
-1
-1
-1
-1
-1
-1
-1
-1
-1
-1
-1
-1
-1
-1
-1
-1
-1
-1
-1
-1
-1
-1
-1
-1
-1
-1
-1
-1
-1
-1
-1
-1
-1
-1
-1
-1
-1
-1
-1
-1
-1
-1
-1
-1
-1
-1
-1
-1
-1
-1
-1
-1
-1
-1
-1
-1
-1
-1
-1
-1
-1
-1
-1
-1
-1
-1
-1
-1
-1
-1
-1
-1
-1
-1
-1
-1
-1
-1
-1
-1
-1
-1
-1
-1
-1
-1
-1
-1
-1
-1
-1
-1
-1
-1
-1
-1
-1
-1
-1
-1
-1
-1
-1
-1
-1
-1
-1
-1
-1
-1
-1
-1
-1
-1
-1
-1
-1
-1
-1
-1
-1
-1
-1
-1
-1
-1
-1
-1
-1
-1
-1
-1
-1
-1
-1
-1
-1
-1
-1
-1
-1
-1
-1
-1
-1
-1
-1
-1
-1
-1
-1
-1
-1
-1
-1
-1
-1
-1
-1
-1
-1
-1
-1
-1
-1
-1
-1
-1
-1
-1
-1
-1
-1
-1
-1
-1
-1
-1
-1
-1
-1
-1
-1
-1
-1
-1
-1
-1
-1
-1
-1
-1
-1
-1
-1
-1
-1
-1
-1
-1
-1
-1
-1
-1
-1
-1
-1
-1
-1
-1
-1
-1
-1
-1
-1
-1
-1
-1
-1
-1
-1
-1
-1
-1
-1
-1
-1
-1
-1
-1
-1
-1
-1
-1
-1
-1
-1
-1
-1
-1
-1
-1
-1
-1
-1
-1
-1
-1
-1
-1
-1
-1
-1
-1
-1
-1
-1
-1
-1
-1
-1
-1
-1
-1
-1
-1
-1
-1
-1
-1
-1
-1
-1
-1
-1
-1
-1
-1
-1
-1
-1
-1
-1
-1
-1
-1
-1
-1
-1
-1
-1
-1
-1
-1
-1
-1
-1
-1
-1
-1
-1
-1
-1
-1
-1
-1
-1
-1
-1
-1
-1
-1
-1
-1
-1
-1
-1
-1
-1
-1
-1
-1
-1
-1
-1
-1
-1
-1
-1
-1
-1
-1
-1
-1
-1
-1
-1
-1
-1
-1
-1
-1
-1
-1
-1
-1
-1
-1
-1
-1
-1
-1
-1
-1
-1
-1
-1
-1
-1
-1
-1
-1
-1
-1
-1
-1
-1
-1
-1
-1
-1
-1
-1
-1
-1
