0 17 36
1 17 37
1 17 38
1 17 39
1 17 40
1 17 41
1 17 42
1 17 43
1 17 44
1 17 45
1 17 46
3 17 47
2 18 47
2 19 47
2 20 47
2 21 47
2 22 47
2 23 47
2 24 47
2 25 47
0 26 47
2 16 36
2 15 36
2 14 36
-1
2 13 36
-1
2 12 36
-1
2 11 36
-1
-1
2 10 36
-1
2 9 36
-1
2 8 36
-1
2 7 36
-1
-1
2 6 36
-1
3 5 36
-1
1 5 35
-1
-1
1 5 34
-1
1 5 33
-1
1 5 32
-1
1 5 31
-1
-1
1 5 30
-1
1 5 29
-1
1 5 28
-1
1 5 27
-1
-1
1 5 26
-1
1 5 25
-1
1 5 24
-1
-1
1 5 23
-1
1 5 22
-1
1 5 21
-1
1 5 20
-1
-1
1 5 19
-1
1 5 18
-1
1 5 17
-1
1 5 16
-1
-1
1 5 15
-1
1 5 14
-1
1 5 13
-1
-1
1 5 12
-1
1 5 11
-1
1 5 10
-1
1 5 9
-1
-1
1 5 8
-1
1 5 7
-1
1 5 6
-1
1 5 5
-1
-1
-1
-1
-1
-1
-1
-1
-1
-1
-1
-1
-1
-1
-1
-1
-1
-1
-1
-1
-1
-1
-1
-1
-1
-1
-1
-1
-1
-1
-1
-1
-1
-1
-1
-1
-1
-1
-1
-1
-1
-1
-1
-1
-1
-1
-1
-1
-1
-1
-1
-1
-1
-1
-1
-1
-1
-1
-1
-1
-1
-1
-1
-1
-1
-1
-1
-1
-1
-1
-1
-1
-1
-1
-1
-1
-1
-1
-1
-1
-1
-1
-1
-1
-1
-1
-1
-1
-1
-1
-1
-1
-1
-1
-1
-1
-1
-1
-1
-1
-1
-1
-1
-1
-1
-1
-1
-1
-1
-1
-1
-1
-1
0 5 4
2 18 36
2 19 36
2 20 36
2 21 36
2 22 36
2 23 36
2 24 36
2 25 36
2 26 36
2 27 36
2 28 36
2 29 36
2 30 36
2 31 36
2 32 36
2 33 36
2 34 36
2 35 36
2 36 36
2 37 36
2 38 36
2 39 36
4 40 36
1 40 35
1 40 34
1 40 33
1 40 32
1 40 31
1 40 30
1 40 29
1 40 28
1 40 27
1 40 26
1 40 25
1 40 24
1 40 23
1 40 22
1 40 21
-1
-1
-1
-1
-1
-1
-1
-1
-1
-1
-1
-1
-1
0 40 20
6 17 35
4 18 35
1 18 34
1 18 33
1 18 32
1 18 31
1 18 30
1 18 29
1 18 28
1 18 27
1 18 26
1 18 25
1 18 24
1 18 23
1 18 22
1 18 21
1 18 20
1 18 19
1 18 18
-1
-1
-1
0 18 17
5 6 4
1 6 5
3 6 6
-1
-1
-1
-1
-1
-1
-1
-1
0 7 6
2 17 17
2 16 17
2 15 17
2 14 17
2 13 17
2 12 17
2 11 17
6 10 17
1 10 18
1 10 19
1 10 20
1 10 21
1 10 22
1 10 23
1 10 24
1 10 25
0 10 26
6 5 3
2 6 3
2 7 3
2 8 3
2 9 3
2 10 3
2 11 3
0 12 3
5 41 20
1 41 21
1 41 22
3 41 23
0 42 23
1 10 27
1 10 28
1 10 29
1 10 30
1 10 31
1 10 32
1 10 33
1 10 34
3 10 35
2 11 35
2 12 35
2 13 35
0 14 35
3 12 4
2 13 4
2 14 4
2 15 4
2 16 4
0 17 4
2 11 26
4 12 26
1 12 25
1 12 24
1 12 23
1 12 22
1 12 21
1 12 20
0 12 19
5 19 17
1 19 18
1 19 19
1 19 20
1 19 21
1 19 22
1 19 23
1 19 24
1 19 25
1 19 26
1 19 27
1 19 28
1 19 29
1 19 30
1 19 31
1 19 32
1 19 33
1 19 34
3 19 35
2 20 35
0 21 35
2 39 20
2 38 20
2 37 20
2 36 20
6 35 20
0 35 21
2 15 35
4 16 35
6 16 34
4 17 34
1 17 33
0 17 32
2 27 47
4 28 47
0 28 46
6 18 16
2 19 16
5 20 16
3 20 17
2 21 17
2 22 17
2 23 17
2 24 17
2 25 17
2 26 17
0 27 17
2 29 46
2 30 46
2 31 46
2 32 46
4 33 46
0 33 45
2 16 32
3 15 32
1 15 31
1 15 30
1 15 29
1 15 28
1 15 27
0 15 26
1 35 22
1 35 23
3 35 24
2 36 24
2 37 24
0 38 24
2 4 4
2 3 4
6 2 4
1 2 5
1 2 6
1 2 7
0 2 8
5 26 46
2 25 46
2 24 46
2 23 46
3 22 46
0 22 45
5 40 19
3 39 19
1 39 18
1 39 17
1 39 16
1 39 15
1 39 14
1 39 13
1 39 12
1 39 11
1 39 10
1 39 9
1 39 8
1 39 7
1 39 6
1 39 5
1 39 4
1 39 3
1 39 2
0 39 1
2 16 26
4 17 26
1 17 25
1 17 24
0 17 23
3 17 5
2 18 5
2 19 5
2 20 5
2 21 5
2 22 5
2 23 5
2 24 5
2 25 5
2 26 5
0 27 5
6 38 1
1 38 2
1 38 3
1 38 4
1 38 5
1 38 6
1 38 7
1 38 8
1 38 9
0 38 10
1 42 22
1 42 21
0 42 20
2 18 4
2 19 4
2 20 4
2 21 4
4 22 4
1 22 3
1 22 2
0 22 1
1 7 7
1 7 8
1 7 9
3 7 10
2 8 10
0 9 10
6 28 45
2 29 45
4 30 45
1 30 44
1 30 43
1 30 42
0 30 41
2 9 26
2 8 26
2 7 26
6 6 26
1 6 27
0 6 28
2 29 41
2 28 41
2 27 41
2 26 41
3 25 41
0 25 40
-1
-1
-1
-1
-1
-1
-1
-1
-1
-1
-1
-1
-1
-1
-1
-1
-1
-1
-1
-1
-1
-1
-1
-1
-1
-1
-1
-1
-1
-1
-1
-1
-1
-1
-1
-1
-1
-1
-1
-1
-1
-1
-1
-1
-1
-1
-1
-1
-1
-1
-1
-1
-1
-1
-1
-1
-1
-1
-1
-1
-1
-1
-1
-1
-1
-1
-1
-1
-1
-1
-1
-1
-1
-1
-1
-1
-1
-1
-1
-1
-1
-1
-1
-1
-1
-1
-1
-1
-1
-1
-1
-1
-1
-1
-1
-1
-1
-1
-1
-1
-1
-1
-1
-1
-1
-1
-1
-1
-1
-1
-1
-1
-1
-1
-1
-1
-1
-1
-1
-1
-1
-1
-1
-1
-1
-1
-1
-1
-1
-1
-1
-1
-1
-1
-1
-1
-1
-1
-1
-1
-1
-1
-1
-1
-1
-1
-1
-1
-1
-1
-1
-1
-1
-1
-1
-1
-1
-1
-1
-1
-1
-1
-1
-1
-1
-1
-1
-1
-1
-1
-1
-1
-1
-1
-1
-1
-1
-1
-1
-1
-1
-1
-1
-1
-1
-1
-1
-1
-1
-1
-1
-1
-1
-1
-1
-1
-1
-1
-1
-1
-1
-1
-1
-1
-1
-1
-1
-1
-1
-1
-1
-1
-1
-1
-1
-1
-1
-1
-1
-1
-1
-1
-1
-1
-1
-1
-1
-1
-1
-1
-1
-1
-1
-1
-1
-1
-1
-1
-1
-1
-1
-1
-1
-1
-1
-1
-1
-1
-1
-1
-1
-1
-1
-1
-1
-1
-1
-1
-1
-1
-1
-1
-1
-1
-1
