0 9 27
3 9 28
2 10 28
2 11 28
2 12 28
2 13 28
2 14 28
2 15 28
2 16 28
2 17 28
2 18 28
2 19 28
2 20 28
2 21 28
2 22 28
2 23 28
2 24 28
2 25 28
2 26 28
2 27 28
2 28 28
2 29 28
2 30 28
2 31 28
2 32 28
2 33 28
2 34 28
2 35 28
2 36 28
2 37 28
2 38 28
2 39 28
2 40 28
2 41 28
2 42 28
2 43 28
2 44 28
2 45 28
2 46 28
0 47 28
2 8 27
2 7 27
2 6 27
2 5 27
2 4 27
2 3 27
6 2 27
1 2 28
1 2 29
1 2 30
1 2 31
1 2 32
1 2 33
1 2 34
1 2 35
1 2 36
1 2 37
1 2 38
1 2 39
0 2 40
2 10 27
4 11 27
1 11 26
1 11 25
1 11 24
1 11 23
1 11 22
1 11 21
1 11 20
1 11 19
1 11 18
1 11 17
-1
0 11 16
5 47 27
2 46 27
2 45 27
2 44 27
2 43 27
2 42 27
2 41 27
3 40 27
1 40 26
1 40 25
1 40 24
1 40 23
1 40 22
1 40 21
1 40 20
1 40 19
1 40 18
1 40 17
1 40 16
1 40 15
1 40 14
1 40 13
1 40 12
1 40 11
1 40 10
1 40 9
1 40 8
1 40 7
1 40 6
1 40 5
1 40 4
1 40 3
0 40 2
2 3 40
2 4 40
2 5 40
2 6 40
4 7 40
1 7 39
1 7 38
1 7 37
1 7 36
1 7 35
1 7 34
1 7 33
1 7 32
1 7 31
1 7 30
0 7 29
4 48 28
1 48 27
5 48 26
2 47 26
2 46 26
3 45 26
1 45 25
1 45 24
0 45 23
3 2 41
2 3 41
2 4 41
2 5 41
2 6 41
2 7 41
2 8 41
2 9 41
2 10 41
2 11 41
2 12 41
2 13 41
2 14 41
2 15 41
2 16 41
4 17 41
0 17 40
5 9 26
2 8 26
2 7 26
2 6 26
3 5 26
0 5 25
2 39 2
2 38 2
2 37 2
2 36 2
2 35 2
2 34 2
6 33 2
1 33 3
1 33 4
1 33 5
1 33 6
1 33 7
1 33 8
1 33 9
1 33 10
1 33 11
1 33 12
1 33 13
1 33 14
1 33 15
0 33 16
2 12 16
2 13 16
2 14 16
4 15 16
1 15 15
1 15 14
0 15 13
2 4 25
2 3 25
3 2 25
0 2 24
1 33 17
1 33 18
1 33 19
1 33 20
1 33 21
1 33 22
1 33 23
1 33 24
1 33 25
3 33 26
2 34 26
2 35 26
2 36 26
0 37 26
2 34 16
2 35 16
2 36 16
4 37 16
1 37 15
1 37 14
1 37 13
1 37 12
1 37 11
1 37 10
1 37 9
0 37 8
2 10 16
2 9 16
2 8 16
3 7 16
1 7 15
0 7 14
5 18 40
1 18 41
4 18 42
2 17 42
2 16 42
2 15 42
2 14 42
2 13 42
6 12 42
0 12 43
5 40 1
2 39 1
2 38 1
2 37 1
2 36 1
0 35 1
2 8 29
2 9 29
2 10 29
2 11 29
2 12 29
2 13 29
0 14 29
6 36 8
1 36 9
1 36 10
1 36 11
1 36 12
0 36 13
5 16 13
1 16 14
1 16 15
1 16 16
1 16 17
3 16 18
2 17 18
2 18 18
2 19 18
2 20 18
0 21 18
2 16 40
2 15 40
2 14 40
2 13 40
3 12 40
0 12 39
4 21 19
2 20 19
2 19 19
2 18 19
2 17 19
2 16 19
3 15 19
1 15 18
0 15 17
2 32 16
2 31 16
3 30 16
1 30 15
1 30 14
1 30 13
1 30 12
1 30 11
1 30 10
1 30 9
0 30 8
2 14 17
2 13 17
6 12 17
1 12 18
1 12 19
1 12 20
1 12 21
1 12 22
1 12 23
1 12 24
0 12 25
4 38 26
1 38 25
1 38 24
1 38 23
1 38 22
0 38 21
6 17 39
2 18 39
2 19 39
2 20 39
2 21 39
4 22 39
0 22 38
2 11 39
2 10 39
2 9 39
0 8 39
5 41 2
1 41 3
1 41 4
1 41 5
1 41 6
1 41 7
1 41 8
1 41 9
1 41 10
3 41 11
0 42 11
2 11 43
2 10 43
2 9 43
2 8 43
6 7 43
1 7 44
0 7 45
-1
-1
-1
-1
-1
-1
-1
-1
-1
-1
-1
-1
-1
-1
-1
-1
-1
-1
-1
-1
-1
-1
-1
-1
-1
-1
-1
-1
-1
-1
-1
-1
-1
-1
-1
-1
-1
-1
-1
-1
-1
-1
-1
-1
-1
-1
-1
-1
-1
-1
-1
-1
-1
-1
-1
-1
-1
-1
-1
-1
-1
-1
-1
-1
-1
-1
-1
-1
-1
-1
-1
-1
-1
-1
-1
-1
-1
-1
-1
-1
-1
-1
-1
-1
-1
-1
-1
-1
-1
-1
-1
-1
-1
-1
-1
-1
-1
-1
-1
-1
-1
-1
-1
-1
-1
-1
-1
-1
-1
-1
-1
-1
-1
-1
-1
-1
-1
-1
-1
-1
-1
-1
-1
-1
-1
-1
-1
-1
-1
-1
-1
-1
-1
-1
-1
-1
-1
-1
-1
-1
-1
-1
-1
-1
-1
-1
-1
-1
-1
-1
-1
-1
-1
-1
-1
-1
-1
-1
-1
-1
-1
-1
-1
-1
-1
-1
-1
-1
-1
-1
-1
-1
-1
-1
-1
-1
-1
-1
-1
-1
-1
-1
-1
-1
-1
-1
-1
-1
-1
-1
-1
-1
-1
-1
-1
-1
-1
-1
-1
-1
-1
-1
-1
-1
-1
-1
-1
-1
-1
-1
-1
-1
-1
-1
-1
-1
-1
-1
-1
-1
-1
-1
-1
-1
-1
-1
-1
-1
-1
-1
-1
-1
-1
-1
-1
-1
-1
-1
-1
-1
-1
-1
-1
-1
-1
-1
-1
-1
-1
-1
-1
-1
-1
-1
-1
-1
-1
-1
-1
-1
-1
-1
-1
-1
-1
-1
-1
-1
-1
-1
-1
-1
-1
-1
-1
-1
-1
-1
-1
-1
-1
-1
-1
-1
-1
-1
-1
-1
-1
-1
-1
-1
-1
-1
-1
-1
-1
-1
-1
-1
-1
-1
-1
-1
-1
-1
-1
-1
-1
-1
-1
-1
-1
-1
-1
-1
-1
-1
-1
-1
-1
-1
-1
-1
-1
-1
-1
-1
-1
-1
-1
-1
-1
-1
-1
-1
-1
-1
-1
-1
-1
-1
-1
-1
-1
-1
-1
-1
-1
-1
-1
-1
-1
-1
-1
-1
-1
-1
-1
-1
-1
-1
-1
-1
-1
-1
-1
-1
-1
-1
-1
-1
-1
-1
-1
-1
-1
-1
-1
-1
-1
-1
-1
-1
-1
-1
-1
-1
-1
-1
-1
-1
-1
-1
-1
-1
-1
-1
-1
-1
-1
-1
-1
-1
-1
-1
-1
-1
-1
-1
-1
-1
-1
-1
-1
-1
-1
-1
-1
-1
-1
-1
-1
-1
-1
-1
-1
-1
-1
-1
-1
-1
-1
-1
-1
-1
-1
-1
-1
-1
-1
-1
-1
-1
-1
-1
-1
-1
-1
-1
-1
-1
-1
-1
-1
-1
-1
-1
-1
-1
-1
-1
-1
-1
-1
-1
-1
-1
-1
