0 1 42
2 2 42
2 3 42
2 4 42
2 5 42
2 6 42
2 7 42
2 8 42
2 9 42
2 10 42
2 11 42
2 12 42
2 13 42
2 14 42
4 15 42
1 15 41
1 15 40
1 15 39
0 15 38
2 16 38
2 17 38
2 18 38
-1
-1
-1
-1
2 19 38
-1
-1
-1
-1
2 20 38
-1
-1
-1
-1
2 21 38
-1
-1
-1
-1
2 22 38
-1
-1
-1
-1
-1
2 23 38
-1
-1
-1
-1
2 24 38
-1
-1
-1
-1
2 25 38
-1
-1
-1
-1
2 26 38
-1
-1
-1
-1
-1
2 27 38
-1
-1
-1
-1
2 28 38
-1
-1
-1
-1
2 29 38
-1
-1
-1
-1
2 30 38
-1
-1
-1
-1
-1
2 31 38
-1
-1
-1
-1
2 32 38
-1
-1
-1
-1
2 33 38
-1
-1
-1
-1
2 34 38
-1
-1
-1
-1
-1
4 35 38
-1
-1
-1
-1
1 35 37
-1
-1
-1
-1
1 35 36
-1
-1
-1
-1
-1
1 35 35
-1
-1
-1
-1
1 35 34
-1
-1
-1
-1
-1
-1
-1
-1
-1
-1
-1
-1
-1
-1
-1
-1
-1
-1
-1
-1
-1
-1
-1
-1
-1
-1
-1
-1
-1
-1
-1
-1
-1
-1
-1
-1
-1
-1
-1
-1
-1
-1
-1
-1
-1
-1
-1
-1
-1
-1
-1
-1
-1
-1
-1
-1
-1
-1
-1
-1
-1
-1
-1
-1
-1
-1
-1
-1
-1
-1
-1
-1
-1
-1
-1
-1
-1
-1
-1
-1
-1
-1
-1
-1
-1
-1
-1
-1
-1
-1
-1
-1
-1
-1
-1
-1
-1
-1
-1
-1
-1
-1
-1
-1
-1
-1
-1
-1
-1
-1
-1
-1
-1
-1
-1
-1
-1
-1
-1
-1
-1
-1
-1
-1
-1
-1
-1
-1
-1
-1
-1
-1
-1
-1
-1
-1
-1
-1
-1
-1
-1
-1
-1
-1
-1
-1
-1
-1
-1
-1
-1
-1
-1
-1
-1
-1
-1
-1
-1
-1
-1
-1
-1
-1
-1
-1
-1
-1
-1
-1
-1
-1
-1
-1
-1
-1
-1
-1
-1
-1
-1
-1
-1
-1
-1
-1
-1
-1
-1
-1
-1
-1
-1
-1
-1
-1
-1
-1
-1
-1
-1
-1
-1
-1
-1
-1
-1
-1
-1
-1
-1
-1
-1
-1
-1
-1
-1
-1
-1
-1
-1
-1
-1
-1
-1
-1
-1
-1
-1
-1
-1
-1
-1
-1
-1
-1
-1
-1
-1
-1
-1
-1
-1
-1
-1
-1
-1
-1
-1
-1
-1
-1
-1
-1
-1
-1
-1
-1
-1
-1
-1
-1
0 35 33
-1
1 1 41
-1
1 1 40
-1
-1
-1
-1
-1
-1
-1
-1
-1
-1
-1
-1
-1
-1
-1
-1
-1
-1
-1
-1
-1
-1
-1
-1
-1
-1
-1
-1
-1
-1
-1
-1
-1
-1
-1
-1
-1
-1
-1
-1
-1
-1
-1
-1
-1
-1
-1
-1
-1
-1
-1
-1
-1
-1
-1
-1
-1
-1
-1
-1
-1
-1
-1
-1
-1
-1
-1
-1
-1
-1
-1
-1
-1
-1
-1
-1
-1
-1
-1
-1
-1
0 1 39
2 34 33
3 33 33
1 33 32
1 33 31
1 33 30
1 33 29
1 33 28
1 33 27
1 33 26
1 33 25
1 33 24
1 33 23
1 33 22
1 33 21
1 33 20
1 33 19
1 33 18
1 33 17
1 33 16
1 33 15
1 33 14
1 33 13
1 33 12
1 33 11
1 33 10
1 33 9
1 33 8
1 33 7
1 33 6
1 33 5
-1
-1
-1
-1
-1
-1
-1
-1
-1
-1
-1
-1
-1
-1
-1
-1
-1
-1
-1
-1
-1
-1
-1
-1
-1
-1
-1
-1
-1
-1
-1
-1
-1
-1
-1
-1
-1
-1
-1
-1
-1
-1
-1
-1
-1
-1
-1
0 33 4
2 36 33
2 37 33
4 38 33
1 38 32
1 38 31
1 38 30
1 38 29
1 38 28
1 38 27
1 38 26
1 38 25
-1
-1
-1
-1
-1
-1
-1
-1
-1
-1
-1
-1
-1
-1
-1
-1
-1
-1
-1
-1
-1
-1
-1
-1
-1
-1
-1
-1
-1
-1
-1
-1
-1
0 38 24
2 32 4
2 31 4
2 30 4
2 29 4
2 28 4
2 27 4
2 26 4
2 25 4
2 24 4
2 23 4
2 22 4
2 21 4
2 20 4
2 19 4
6 18 4
1 18 5
1 18 6
-1
-1
-1
-1
-1
-1
-1
-1
-1
-1
-1
-1
-1
-1
-1
-1
-1
-1
-1
-1
-1
-1
-1
-1
0 18 7
2 2 39
2 3 39
2 4 39
4 5 39
1 5 38
1 5 37
1 5 36
1 5 35
1 5 34
1 5 33
1 5 32
1 5 31
1 5 30
1 5 29
1 5 28
1 5 27
1 5 26
1 5 25
-1
-1
-1
-1
-1
-1
-1
-1
-1
-1
-1
-1
-1
-1
-1
-1
0 5 24
-1
-1
-1
-1
-1
-1
-1
-1
-1
-1
-1
-1
-1
-1
-1
-1
-1
-1
-1
-1
-1
-1
-1
-1
-1
-1
-1
-1
-1
-1
-1
-1
-1
-1
-1
-1
-1
-1
-1
-1
-1
-1
-1
-1
-1
-1
-1
-1
-1
-1
-1
-1
-1
-1
-1
-1
-1
-1
-1
-1
-1
-1
-1
-1
-1
-1
-1
-1
-1
-1
-1
-1
-1
-1
-1
-1
-1
-1
-1
-1
-1
-1
-1
-1
-1
-1
-1
-1
-1
-1
-1
-1
-1
-1
-1
-1
-1
-1
-1
-1
-1
-1
-1
-1
-1
-1
-1
-1
-1
-1
-1
-1
-1
-1
-1
-1
-1
-1
-1
