0 27 34
2 28 34
2 29 34
2 30 34
2 31 34
2 32 34
2 33 34
2 34 34
2 35 34
2 36 34
2 37 34
2 38 34
2 39 34
2 40 34
2 41 34
2 42 34
2 43 34
4 44 34
1 44 33
1 44 32
1 44 31
1 44 30
1 44 29
1 44 28
1 44 27
1 44 26
1 44 25
1 44 24
1 44 23
1 44 22
1 44 21
1 44 20
1 44 19
1 44 18
1 44 17
1 44 16
1 44 15
1 44 14
1 44 13
1 44 12
1 44 11
1 44 10
0 44 9
2 43 9
2 42 9
2 41 9
2 40 9
2 39 9
2 38 9
2 37 9
2 36 9
2 35 9
2 34 9
2 33 9
2 32 9
2 31 9
2 30 9
2 29 9
2 28 9
2 27 9
2 26 9
2 25 9
2 24 9
2 23 9
2 22 9
2 21 9
2 20 9
2 19 9
2 18 9
2 17 9
2 16 9
3 15 9
1 15 8
1 15 7
1 15 6
1 15 5
1 15 4
1 15 3
-1
-1
-1
-1
-1
-1
-1
-1
-1
-1
-1
-1
-1
-1
-1
-1
-1
-1
-1
-1
-1
-1
-1
-1
-1
-1
-1
-1
-1
-1
-1
-1
-1
-1
-1
-1
-1
-1
-1
-1
-1
-1
-1
-1
-1
-1
-1
-1
-1
-1
-1
-1
-1
-1
-1
0 15 2
2 26 34
2 25 34
2 24 34
2 23 34
2 22 34
2 21 34
2 20 34
2 19 34
2 18 34
2 17 34
2 16 34
2 15 34
2 14 34
2 13 34
2 12 34
2 11 34
2 10 34
2 9 34
6 8 34
1 8 35
1 8 36
1 8 37
1 8 38
1 8 39
1 8 40
1 8 41
-1
-1
-1
-1
-1
-1
-1
-1
-1
-1
-1
-1
-1
-1
-1
-1
-1
-1
0 8 42
6 27 33
2 28 33
2 29 33
2 30 33
2 31 33
2 32 33
2 33 33
2 34 33
2 35 33
2 36 33
2 37 33
2 38 33
2 39 33
2 40 33
4 41 33
1 41 32
1 41 31
1 41 30
-1
-1
-1
-1
-1
-1
-1
-1
-1
-1
0 41 29
4 27 35
2 26 35
2 25 35
2 24 35
2 23 35
2 22 35
2 21 35
2 20 35
2 19 35
2 18 35
6 17 35
-1
-1
-1
-1
-1
-1
0 17 36
2 14 2
2 13 2
2 12 2
3 11 2
-1
-1
-1
-1
-1
-1
-1
-1
-1
0 11 1
5 16 2
1 16 3
1 16 4
3 16 5
2 17 5
2 18 5
2 19 5
2 20 5
2 21 5
2 22 5
2 23 5
2 24 5
2 25 5
0 26 5
1 17 37
1 17 38
1 17 39
1 17 40
1 17 41
3 17 42
2 18 42
-1
0 19 42
5 45 9
1 45 10
1 45 11
1 45 12
1 45 13
1 45 14
1 45 15
1 45 16
1 45 17
1 45 18
1 45 19
1 45 20
1 45 21
1 45 22
1 45 23
1 45 24
1 45 25
1 45 26
0 45 27
1 19 43
1 19 44
3 19 45
2 20 45
2 21 45
2 22 45
2 23 45
2 24 45
2 25 45
2 26 45
2 27 45
2 28 45
2 29 45
2 30 45
2 31 45
2 32 45
2 33 45
2 34 45
2 35 45
0 36 45
3 7 42
1 7 41
1 7 40
1 7 39
1 7 38
1 7 37
1 7 36
1 7 35
1 7 34
6 7 33
4 8 33
1 8 32
1 8 31
1 8 30
1 8 29
1 8 28
1 8 27
0 8 26
2 27 5
2 28 5
2 29 5
2 30 5
2 31 5
2 32 5
4 33 5
0 33 4
5 9 26
1 9 27
3 9 28
2 10 28
2 11 28
2 12 28
2 13 28
2 14 28
2 15 28
2 16 28
2 17 28
2 18 28
2 19 28
0 20 28
5 18 36
3 18 37
2 19 37
2 20 37
2 21 37
2 22 37
2 23 37
2 24 37
2 25 37
2 26 37
0 27 37
2 21 28
2 22 28
2 23 28
2 24 28
2 25 28
2 26 28
2 27 28
2 28 28
2 29 28
4 30 28
1 30 27
1 30 26
1 30 25
1 30 24
1 30 23
1 30 22
1 30 21
1 30 20
1 30 19
1 30 18
1 30 17
1 30 16
1 30 15
1 30 14
0 30 13
2 9 42
2 10 42
2 11 42
2 12 42
2 13 42
0 14 42
2 40 29
2 39 29
2 38 29
2 37 29
2 36 29
2 35 29
2 34 29
2 33 29
6 32 29
1 32 30
1 32 31
0 32 32
5 34 4
1 34 5
1 34 6
1 34 7
3 34 8
2 35 8
0 36 8
5 26 4
2 25 4
2 24 4
2 23 4
2 22 4
3 21 4
0 21 3
4 8 43
2 7 43
2 6 43
2 5 43
2 4 43
2 3 43
2 2 43
2 1 43
3 0 43
1 0 42
0 0 41
5 36 44
2 35 44
2 34 44
0 33 44
4 26 6
2 25 6
2 24 6
2 23 6
2 22 6
2 21 6
0 20 6
1 45 28
1 45 29
1 45 30
1 45 31
1 45 32
1 45 33
1 45 34
1 45 35
1 45 36
0 45 37
6 44 8
4 45 8
1 45 7
1 45 6
0 45 5
4 20 29
2 19 29
2 18 29
2 17 29
2 16 29
2 15 29
2 14 29
2 13 29
2 12 29
2 11 29
2 10 29
6 9 29
1 9 30
1 9 31
1 9 32
0 9 33
5 41 28
2 40 28
2 39 28
2 38 28
2 37 28
3 36 28
0 36 27
2 10 1
6 9 1
1 9 2
1 9 3
1 9 4
1 9 5
1 9 6
1 9 7
1 9 8
1 9 9
1 9 10
1 9 11
0 9 12
4 46 27
1 46 26
1 46 25
1 46 24
1 46 23
1 46 22
1 46 21
0 46 20
5 27 36
2 26 36
2 25 36
0 24 36
2 29 13
3 28 13
1 28 12
1 28 11
0 28 10
2 10 33
2 11 33
2 12 33
2 13 33
2 14 33
0 15 33
5 46 5
1 46 6
1 46 7
0 46 8
2 7 26
2 6 26
2 5 26
2 4 26
2 3 26
2 2 26
3 1 26
1 1 25
0 1 24
5 14 41
2 13 41
2 12 41
2 11 41
2 10 41
3 9 41
1 9 40
0 9 39
2 8 12
2 7 12
2 6 12
2 5 12
3 4 12
0 4 11
6 3 11
1 3 12
1 3 13
1 3 14
1 3 15
3 3 16
0 4 16
1 14 43
1 14 44
1 14 45
3 14 46
2 15 46
2 16 46
2 17 46
2 18 46
2 19 46
2 20 46
0 21 46
6 33 3
2 34 3
2 35 3
2 36 3
4 37 3
1 37 2
0 37 1
2 27 10
2 26 10
2 25 10
2 24 10
6 23 10
1 23 11
1 23 12
1 23 13
1 23 14
1 23 15
0 23 16
4 42 29
1 42 28
5 42 27
3 41 27
1 41 26
0 41 25
1 9 38
1 9 37
1 9 36
0 9 35
4 21 47
2 20 47
2 19 47
2 18 47
2 17 47
2 16 47
2 15 47
2 14 47
2 13 47
2 12 47
2 11 47
2 10 47
2 9 47
2 8 47
2 7 47
3 6 47
1 6 46
0 6 45
2 10 12
2 11 12
4 12 12
1 12 11
1 12 10
1 12 9
0 12 8
2 20 42
2 21 42
2 22 42
2 23 42
0 24 42
5 31 13
1 31 14
1 31 15
1 31 16
3 31 17
2 32 17
2 33 17
2 34 17
0 35 17
-1
-1
-1
-1
-1
-1
-1
-1
-1
-1
-1
-1
-1
-1
-1
-1
-1
-1
-1
-1
-1
-1
-1
-1
-1
-1
-1
-1
-1
-1
-1
-1
-1
-1
-1
-1
-1
-1
-1
-1
-1
-1
-1
-1
-1
-1
-1
-1
-1
-1
-1
-1
-1
-1
-1
-1
-1
-1
-1
-1
-1
-1
-1
-1
-1
-1
-1
-1
-1
-1
-1
-1
-1
-1
-1
-1
-1
-1
-1
-1
-1
-1
-1
-1
-1
-1
-1
-1
-1
-1
-1
-1
-1
-1
-1
-1
-1
-1
-1
-1
-1
-1
-1
-1
-1
-1
-1
-1
-1
-1
-1
-1
-1
-1
-1
-1
-1
-1
-1
-1
-1
-1
-1
-1
-1
-1
-1
-1
-1
-1
-1
-1
-1
-1
-1
-1
-1
-1
-1
-1
-1
-1
-1
-1
-1
-1
-1
-1
-1
-1
-1
-1
-1
-1
-1
-1
-1
-1
-1
-1
-1
-1
-1
-1
-1
-1
-1
-1
-1
-1
-1
-1
-1
-1
-1
-1
-1
-1
-1
-1
-1
-1
