0 1 5
1 1 6
1 1 7
1 1 8
1 1 9
1 1 10
1 1 11
1 1 12
1 1 13
1 1 14
1 1 15
1 1 16
1 1 17
1 1 18
1 1 19
1 1 20
1 1 21
1 1 22
1 1 23
1 1 24
1 1 25
1 1 26
1 1 27
1 1 28
1 1 29
1 1 30
1 1 31
1 1 32
1 1 33
1 1 34
1 1 35
1 1 36
1 1 37
1 1 38
3 1 39
2 2 39
2 3 39
2 4 39
2 5 39
2 6 39
2 7 39
2 8 39
2 9 39
2 10 39
2 11 39
2 12 39
2 13 39
2 14 39
2 15 39
2 16 39
2 17 39
2 18 39
2 19 39
2 20 39
2 21 39
2 22 39
2 23 39
2 24 39
2 25 39
2 26 39
2 27 39
2 28 39
2 29 39
2 30 39
2 31 39
2 32 39
2 33 39
2 34 39
2 35 39
2 36 39
2 37 39
0 38 39
5 2 5
1 2 6
1 2 7
1 2 8
1 2 9
1 2 10
1 2 11
1 2 12
1 2 13
1 2 14
1 2 15
1 2 16
1 2 17
1 2 18
1 2 19
1 2 20
1 2 21
1 2 22
1 2 23
1 2 24
1 2 25
3 2 26
2 3 26
2 4 26
2 5 26
2 6 26
2 7 26
2 8 26
2 9 26
2 10 26
-1
-1
-1
-1
-1
-1
-1
-1
-1
-1
-1
-1
-1
-1
-1
-1
-1
-1
-1
-1
-1
-1
-1
-1
-1
-1
-1
-1
-1
-1
-1
-1
-1
-1
-1
-1
-1
-1
-1
-1
-1
-1
-1
-1
-1
-1
-1
-1
-1
-1
-1
-1
-1
-1
-1
-1
-1
-1
-1
-1
-1
-1
-1
-1
-1
-1
-1
-1
0 11 26
4 38 40
2 37 40
2 36 40
6 35 40
1 35 41
1 35 42
1 35 43
-1
-1
-1
-1
-1
-1
-1
-1
-1
-1
-1
-1
-1
-1
-1
-1
-1
-1
-1
-1
-1
-1
-1
-1
-1
-1
-1
-1
-1
-1
-1
-1
-1
-1
-1
-1
-1
-1
-1
-1
-1
-1
-1
-1
-1
-1
-1
0 35 44
6 1 4
2 2 4
2 3 4
2 4 4
2 5 4
2 6 4
2 7 4
2 8 4
2 9 4
2 10 4
2 11 4
2 12 4
2 13 4
2 14 4
2 15 4
4 16 4
1 16 3
-1
-1
-1
-1
-1
-1
-1
-1
-1
-1
-1
-1
-1
-1
-1
-1
-1
-1
-1
-1
-1
-1
-1
-1
-1
-1
-1
-1
0 16 2
2 39 39
2 40 39
2 41 39
2 42 39
4 43 39
1 43 38
1 43 37
1 43 36
1 43 35
1 43 34
1 43 33
1 43 32
1 43 31
1 43 30
1 43 29
1 43 28
1 43 27
1 43 26
1 43 25
1 43 24
1 43 23
1 43 22
1 43 21
1 43 20
1 43 19
1 43 18
-1
-1
-1
-1
-1
-1
-1
-1
-1
-1
0 43 17
5 11 25
2 10 25
2 9 25
3 8 25
1 8 24
1 8 23
1 8 22
1 8 21
1 8 20
1 8 19
1 8 18
1 8 17
1 8 16
-1
-1
-1
-1
-1
-1
-1
-1
-1
-1
-1
-1
-1
0 8 15
2 42 17
3 41 17
1 41 16
1 41 15
1 41 14
1 41 13
-1
-1
-1
-1
-1
-1
-1
-1
-1
-1
-1
-1
-1
-1
0 41 12
2 40 12
2 39 12
2 38 12
2 37 12
2 36 12
2 35 12
2 34 12
2 33 12
3 32 12
1 32 11
1 32 10
1 32 9
1 32 8
1 32 7
1 32 6
1 32 5
-1
-1
-1
-1
-1
0 32 4
6 38 38
4 39 38
1 39 37
1 39 36
1 39 35
1 39 34
1 39 33
1 39 32
1 39 31
1 39 30
1 39 29
1 39 28
1 39 27
1 39 26
1 39 25
1 39 24
1 39 23
1 39 22
-1
0 39 21
5 9 15
1 9 16
1 9 17
-1
-1
-1
-1
-1
-1
-1
-1
-1
-1
0 9 18
2 31 4
6 30 4
1 30 5
1 30 6
1 30 7
1 30 8
1 30 9
1 30 10
1 30 11
1 30 12
1 30 13
-1
-1
-1
0 30 14
2 36 44
2 37 44
2 38 44
2 39 44
2 40 44
2 41 44
2 42 44
4 43 44
1 43 43
1 43 42
-1
-1
-1
0 43 41
2 34 44
2 33 44
2 32 44
2 31 44
2 30 44
2 29 44
2 28 44
2 27 44
2 26 44
2 25 44
2 24 44
2 23 44
2 22 44
2 21 44
2 20 44
2 19 44
2 18 44
2 17 44
2 16 44
2 15 44
2 14 44
2 13 44
2 12 44
6 11 44
1 11 45
1 11 46
0 11 47
4 42 12
1 42 11
1 42 10
1 42 9
1 42 8
1 42 7
1 42 6
1 42 5
1 42 4
1 42 3
0 42 2
6 8 14
2 9 14
2 10 14
2 11 14
4 12 14
1 12 13
1 12 12
1 12 11
0 12 10
4 44 41
1 44 40
1 44 39
1 44 38
1 44 37
1 44 36
1 44 35
1 44 34
1 44 33
1 44 32
1 44 31
0 44 30
2 12 47
2 13 47
2 14 47
2 15 47
2 16 47
2 17 47
2 18 47
0 19 47
6 38 21
1 38 22
1 38 23
1 38 24
1 38 25
1 38 26
1 38 27
1 38 28
0 38 29
1 11 27
1 11 28
1 11 29
1 11 30
1 11 31
1 11 32
1 11 33
1 11 34
1 11 35
1 11 36
1 11 37
3 11 38
2 12 38
2 13 38
2 14 38
2 15 38
2 16 38
2 17 38
0 18 38
-1
-1
-1
-1
-1
-1
-1
-1
-1
-1
-1
-1
-1
-1
-1
-1
-1
-1
-1
-1
-1
-1
-1
-1
-1
-1
-1
-1
-1
-1
-1
-1
-1
-1
-1
-1
-1
-1
-1
-1
-1
-1
-1
-1
-1
-1
-1
-1
-1
-1
-1
-1
-1
-1
-1
-1
-1
-1
-1
-1
-1
-1
-1
-1
-1
-1
-1
-1
-1
-1
-1
-1
-1
-1
-1
-1
-1
-1
-1
-1
-1
-1
-1
-1
-1
-1
-1
-1
-1
-1
-1
-1
-1
-1
-1
-1
-1
-1
-1
-1
-1
-1
-1
-1
-1
-1
-1
-1
-1
-1
-1
-1
-1
-1
-1
-1
-1
-1
-1
-1
-1
-1
-1
-1
-1
-1
-1
-1
-1
-1
-1
-1
-1
-1
-1
-1
-1
-1
-1
-1
-1
-1
-1
-1
-1
-1
-1
-1
-1
-1
-1
-1
-1
-1
-1
-1
-1
-1
-1
-1
-1
-1
-1
-1
-1
-1
-1
-1
-1
-1
-1
-1
-1
-1
-1
-1
-1
-1
-1
-1
-1
-1
-1
-1
-1
-1
-1
-1
-1
-1
-1
-1
-1
-1
-1
-1
-1
-1
-1
-1
-1
-1
-1
-1
-1
-1
-1
-1
-1
-1
-1
-1
-1
-1
-1
-1
-1
-1
-1
-1
-1
-1
-1
-1
-1
-1
-1
-1
-1
-1
-1
-1
-1
-1
-1
-1
-1
-1
-1
-1
-1
-1
-1
-1
-1
-1
-1
-1
-1
-1
-1
-1
-1
-1
-1
-1
-1
-1
-1
-1
-1
-1
-1
