0 17 10
1 17 11
1 17 12
1 17 13
1 17 14
1 17 15
1 17 16
1 17 17
1 17 18
1 17 19
1 17 20
1 17 21
1 17 22
1 17 23
1 17 24
1 17 25
1 17 26
1 17 27
1 17 28
1 17 29
1 17 30
1 17 31
1 17 32
1 17 33
1 17 34
1 17 35
1 17 36
1 17 37
1 17 38
1 17 39
1 17 40
3 17 41
2 18 41
2 19 41
2 20 41
2 21 41
2 22 41
2 23 41
2 24 41
2 25 41
2 26 41
2 27 41
2 28 41
2 29 41
2 30 41
2 31 41
2 32 41
2 33 41
2 34 41
2 35 41
2 36 41
2 37 41
2 38 41
2 39 41
2 40 41
0 41 41
4 18 10
1 18 9
1 18 8
-1
-1
-1
-1
-1
-1
-1
-1
-1
-1
-1
-1
0 18 7
2 16 10
2 15 10
2 14 10
2 13 10
2 12 10
2 11 10
2 10 10
6 9 10
1 9 11
1 9 12
1 9 13
1 9 14
1 9 15
1 9 16
1 9 17
1 9 18
1 9 19
-1
-1
-1
-1
-1
-1
-1
-1
-1
-1
-1
-1
-1
-1
-1
-1
-1
-1
-1
-1
-1
-1
0 9 20
5 41 40
2 40 40
2 39 40
2 38 40
2 37 40
2 36 40
-1
-1
-1
-1
-1
-1
-1
-1
-1
-1
-1
-1
-1
-1
-1
0 35 40
4 42 41
1 42 40
5 42 39
2 41 39
3 40 39
1 40 38
1 40 37
1 40 36
1 40 35
1 40 34
1 40 33
1 40 32
1 40 31
1 40 30
-1
-1
-1
0 40 29
2 39 29
2 38 29
3 37 29
1 37 28
1 37 27
1 37 26
1 37 25
1 37 24
1 37 23
1 37 22
1 37 21
1 37 20
1 37 19
1 37 18
1 37 17
1 37 16
1 37 15
1 37 14
0 37 13
5 19 7
3 19 8
2 20 8
2 21 8
2 22 8
2 23 8
2 24 8
0 25 8
4 41 42
2 40 42
2 39 42
2 38 42
2 37 42
2 36 42
2 35 42
2 34 42
2 33 42
2 32 42
6 31 42
1 31 43
0 31 44
3 34 40
1 34 39
1 34 38
1 34 37
1 34 36
0 34 35
2 30 44
2 29 44
2 28 44
2 27 44
2 26 44
2 25 44
2 24 44
2 23 44
2 22 44
2 21 44
2 20 44
2 19 44
2 18 44
2 17 44
2 16 44
0 15 44
2 10 20
4 11 20
1 11 19
0 11 18
3 15 45
2 16 45
2 17 45
2 18 45
2 19 45
2 20 45
2 21 45
0 22 45
2 17 7
2 16 7
2 15 7
0 14 7
1 34 34
1 34 33
1 34 32
1 34 31
1 34 30
1 34 29
1 34 28
1 34 27
1 34 26
0 34 25
2 38 13
2 39 13
2 40 13
2 41 13
2 42 13
4 43 13
1 43 12
0 43 11
2 14 44
2 13 44
2 12 44
3 11 44
1 11 43
1 11 42
0 11 41
6 18 6
2 19 6
2 20 6
2 21 6
4 22 6
1 22 5
1 22 4
0 22 3
5 44 11
1 44 12
1 44 13
1 44 14
1 44 15
1 44 16
1 44 17
3 44 18
0 45 18
2 8 20
2 7 20
2 6 20
2 5 20
2 4 20
6 3 20
1 3 21
1 3 22
1 3 23
1 3 24
0 3 25
2 2 25
6 1 25
1 1 26
1 1 27
1 1 28
1 1 29
0 1 30
4 25 9
2 24 9
2 23 9
2 22 9
6 21 9
1 21 10
1 21 11
1 21 12
1 21 13
1 21 14
1 21 15
0 21 16
3 31 45
2 32 45
2 33 45
2 34 45
2 35 45
2 36 45
2 37 45
2 38 45
2 39 45
0 40 45
4 45 19
2 44 19
0 43 19
2 13 7
2 12 7
2 11 7
2 10 7
2 9 7
2 8 7
2 7 7
3 6 7
1 6 6
1 6 5
1 6 4
1 6 3
1 6 2
0 6 1
2 12 18
2 13 18
2 14 18
0 15 18
5 26 8
1 26 9
1 26 10
3 26 11
2 27 11
2 28 11
2 29 11
0 30 11
5 41 29
1 41 30
1 41 31
3 41 32
2 42 32
2 43 32
2 44 32
0 45 32
2 41 45
2 42 45
2 43 45
2 44 45
2 45 45
4 46 45
0 46 44
2 5 1
6 4 1
1 4 2
1 4 3
1 4 4
1 4 5
1 4 6
1 4 7
1 4 8
1 4 9
1 4 10
0 4 11
1 9 21
1 9 22
1 9 23
1 9 24
3 9 25
2 10 25
2 11 25
0 12 25
3 45 44
1 45 43
1 45 42
1 45 41
1 45 40
0 45 39
1 30 12
1 30 13
1 30 14
1 30 15
1 30 16
0 30 17
2 5 11
4 6 11
1 6 10
0 6 9
2 42 19
2 41 19
2 40 19
2 39 19
3 38 19
1 38 18
1 38 17
0 38 16
2 10 41
6 9 41
1 9 42
1 9 43
1 9 44
0 9 45
1 15 43
1 15 42
1 15 41
1 15 40
1 15 39
1 15 38
1 15 37
1 15 36
0 15 35
2 23 3
2 24 3
4 25 3
1 25 2
0 25 1
4 40 46
2 39 46
2 38 46
0 37 46
1 4 12
1 4 13
1 4 14
1 4 15
1 4 16
1 4 17
0 4 18
2 8 45
2 7 45
2 6 45
2 5 45
2 4 45
2 3 45
2 2 45
6 1 45
1 1 46
1 1 47
1 1 48
0 1 49
6 43 10
2 44 10
2 45 10
2 46 10
4 47 10
1 47 9
1 47 8
1 47 7
0 47 6
3 0 49
1 0 48
1 0 47
1 0 46
1 0 45
1 0 44
1 0 43
1 0 42
1 0 41
0 0 40
1 37 12
1 37 11
1 37 10
1 37 9
1 37 8
1 37 7
1 37 6
1 37 5
0 37 4
2 26 1
2 27 1
2 28 1
2 29 1
4 30 1
0 30 0
2 21 3
2 20 3
2 19 3
6 18 3
0 18 4
2 14 35
2 13 35
2 12 35
2 11 35
3 10 35
1 10 34
1 10 33
0 10 32
1 21 17
1 21 18
1 21 19
1 21 20
1 21 21
3 21 22
2 22 22
2 23 22
2 24 22
0 25 22
4 25 23
2 24 23
6 23 23
1 23 24
1 23 25
0 23 26
1 12 24
1 12 23
1 12 22
0 12 21
2 35 25
0 36 25
5 14 6
3 13 6
1 13 5
0 13 4
6 29 17
0 29 18
4 4 25
0 4 24
1 36 24
1 36 23
1 36 22
0 36 21
1 23 27
1 23 28
1 23 29
1 23 30
1 23 31
1 23 32
3 23 33
0 24 33
5 38 4
1 38 5
3 38 6
0 39 6
1 11 40
0 11 39
4 40 6
1 40 5
0 40 4
5 16 35
1 16 36
1 16 37
1 16 38
1 16 39
1 16 40
1 16 41
1 16 42
3 16 43
2 17 43
2 18 43
2 19 43
2 20 43
2 21 43
2 22 43
2 23 43
0 24 43
2 33 25
2 32 25
3 31 25
0 31 24
3 42 11
1 42 10
0 42 9
2 46 6
3 45 6
1 45 5
1 45 4
1 45 3
1 45 2
0 45 1
4 35 35
0 35 34
2 22 16
2 23 16
2 24 16
4 25 16
1 25 15
1 25 14
1 25 13
1 25 12
1 25 11
0 25 10
1 24 34
1 24 35
1 24 36
3 24 37
2 25 37
2 26 37
0 27 37
4 27 38
2 26 38
2 25 38
2 24 38
2 23 38
2 22 38
2 21 38
3 20 38
1 20 37
0 20 36
2 23 45
2 24 45
2 25 45
0 26 45
1 30 10
0 30 9
2 24 26
0 25 26
2 10 45
2 11 45
2 12 45
2 13 45
0 14 45
2 1 40
2 2 40
2 3 40
2 4 40
4 5 40
1 5 39
1 5 38
1 5 37
0 5 36
1 45 31
1 45 30
1 45 29
0 45 28
1 15 19
0 15 20
2 9 32
2 8 32
0 7 32
3 12 26
2 13 26
2 14 26
0 15 26
3 43 20
0 44 20
-1
-1
-1
-1
-1
-1
-1
-1
-1
-1
-1
-1
-1
-1
-1
-1
-1
-1
-1
-1
-1
-1
-1
-1
-1
-1
-1
-1
-1
-1
-1
-1
-1
-1
-1
-1
-1
-1
-1
-1
-1
-1
-1
-1
-1
-1
-1
-1
-1
-1
-1
-1
-1
-1
-1
-1
-1
-1
-1
-1
-1
-1
-1
-1
-1
-1
-1
-1
-1
-1
-1
-1
-1
-1
-1
-1
-1
-1
-1
-1
-1
-1
-1
-1
-1
-1
-1
-1
-1
-1
-1
-1
-1
-1
-1
-1
-1
-1
-1
-1
-1
-1
-1
-1
-1
-1
-1
-1
-1
-1
-1
-1
-1
-1
-1
-1
-1
-1
-1
-1
-1
-1
-1
-1
-1
-1
-1
-1
-1
-1
-1
-1
-1
-1
-1
-1
-1
-1
-1
-1
-1
-1
-1
-1
-1
-1
-1
-1
-1
-1
-1
-1
-1
-1
-1
-1
-1
-1
-1
-1
-1
-1
