0 27 39
2 28 39
2 29 39
2 30 39
2 31 39
2 32 39
2 33 39
2 34 39
2 35 39
2 36 39
2 37 39
2 38 39
2 39 39
2 40 39
2 41 39
2 42 39
2 43 39
2 44 39
2 45 39
4 46 39
1 46 38
1 46 37
1 46 36
1 46 35
1 46 34
1 46 33
1 46 32
1 46 31
1 46 30
1 46 29
1 46 28
1 46 27
1 46 26
1 46 25
1 46 24
1 46 23
1 46 22
1 46 21
1 46 20
1 46 19
1 46 18
1 46 17
1 46 16
1 46 15
1 46 14
1 46 13
1 46 12
1 46 11
1 46 10
1 46 9
1 46 8
1 46 7
1 46 6
0 46 5
2 26 39
2 25 39
2 24 39
2 23 39
2 22 39
2 21 39
2 20 39
2 19 39
2 18 39
2 17 39
2 16 39
2 15 39
2 14 39
2 13 39
2 12 39
2 11 39
2 10 39
2 9 39
2 8 39
2 7 39
2 6 39
2 5 39
2 4 39
2 3 39
2 2 39
3 1 39
1 1 38
1 1 37
1 1 36
1 1 35
1 1 34
1 1 33
0 1 32
6 27 38
4 28 38
1 28 37
1 28 36
0 28 35
2 29 35
2 30 35
2 31 35
2 32 35
2 33 35
2 34 35
2 35 35
2 36 35
2 37 35
2 38 35
4 39 35
1 39 34
1 39 33
1 39 32
1 39 31
1 39 30
1 39 29
1 39 28
1 39 27
1 39 26
1 39 25
0 39 24
2 2 32
2 3 32
2 4 32
2 5 32
2 6 32
2 7 32
2 8 32
4 9 32
1 9 31
1 9 30
1 9 29
0 9 28
5 40 24
1 40 25
1 40 26
1 40 27
1 40 28
1 40 29
1 40 30
1 40 31
1 40 32
1 40 33
1 40 34
1 40 35
4 40 36
2 39 36
2 38 36
2 37 36
2 36 36
2 35 36
2 34 36
6 33 36
0 33 37
2 45 5
3 44 5
1 44 4
1 44 3
0 44 2
3 27 40
2 28 40
2 29 40
2 30 40
2 31 40
2 32 40
0 33 40
2 8 28
2 7 28
2 6 28
2 5 28
3 4 28
1 4 27
0 4 26
2 43 2
2 42 2
6 41 2
1 41 3
1 41 4
0 41 5
6 39 23
2 40 23
2 41 23
2 42 23
2 43 23
2 44 23
4 45 23
1 45 22
1 45 21
1 45 20
1 45 19
1 45 18
1 45 17
0 45 16
2 27 35
2 26 35
2 25 35
2 24 35
6 23 35
1 23 36
1 23 37
0 23 38
1 41 6
1 41 7
1 41 8
3 41 9
2 42 9
2 43 9
0 44 9
2 34 37
2 35 37
2 36 37
2 37 37
2 38 37
2 39 37
2 40 37
4 41 37
1 41 36
1 41 35
1 41 34
1 41 33
1 41 32
1 41 31
1 41 30
1 41 29
1 41 28
0 41 27
5 42 27
1 42 28
1 42 29
3 42 30
2 43 30
2 44 30
0 45 30
2 3 26
3 2 26
1 2 25
1 2 24
0 2 23
5 10 28
1 10 29
1 10 30
1 10 31
1 10 32
4 10 33
2 9 33
2 8 33
2 7 33
0 6 33
4 44 10
2 43 10
2 42 10
2 41 10
2 40 10
2 39 10
6 38 10
1 38 11
0 38 12
6 0 32
1 0 33
1 0 34
1 0 35
1 0 36
1 0 37
1 0 38
1 0 39
3 0 40
2 1 40
2 2 40
2 3 40
2 4 40
2 5 40
2 6 40
2 7 40
2 8 40
2 9 40
2 10 40
0 11 40
6 44 16
1 44 17
1 44 18
1 44 19
0 44 20
2 40 5
2 39 5
2 38 5
2 37 5
2 36 5
2 35 5
2 34 5
2 33 5
2 32 5
0 31 5
5 47 5
1 47 6
1 47 7
1 47 8
1 47 9
1 47 10
1 47 11
1 47 12
1 47 13
1 47 14
1 47 15
1 47 16
1 47 17
1 47 18
1 47 19
1 47 20
1 47 21
1 47 22
1 47 23
0 47 24
2 3 23
2 4 23
2 5 23
4 6 23
1 6 22
1 6 21
0 6 20
2 30 5
2 29 5
2 28 5
2 27 5
2 26 5
2 25 5
2 24 5
2 23 5
6 22 5
1 22 6
1 22 7
1 22 8
0 22 9
2 45 2
2 46 2
0 47 2
2 5 26
4 6 26
0 6 25
2 32 37
2 31 37
6 30 37
0 30 38
6 28 34
2 29 34
2 30 34
4 31 34
1 31 33
0 31 32
-1
-1
-1
-1
-1
-1
-1
-1
-1
-1
-1
-1
-1
-1
-1
-1
-1
-1
-1
-1
-1
-1
-1
-1
-1
-1
-1
-1
-1
-1
-1
-1
-1
-1
-1
-1
-1
-1
-1
-1
-1
-1
-1
-1
-1
-1
-1
-1
-1
-1
-1
-1
-1
-1
-1
-1
-1
-1
-1
-1
-1
-1
-1
-1
-1
-1
-1
-1
-1
-1
-1
-1
-1
-1
-1
-1
-1
-1
-1
-1
-1
-1
-1
-1
-1
-1
-1
-1
-1
-1
-1
-1
-1
-1
-1
-1
-1
-1
-1
-1
-1
-1
-1
-1
-1
-1
-1
-1
-1
-1
-1
-1
-1
-1
-1
-1
-1
-1
-1
-1
-1
-1
-1
-1
-1
-1
-1
-1
-1
-1
-1
-1
-1
-1
-1
-1
-1
-1
-1
-1
-1
-1
-1
-1
-1
-1
-1
-1
-1
-1
-1
-1
-1
-1
-1
-1
-1
-1
-1
-1
-1
-1
-1
-1
-1
-1
-1
-1
-1
-1
-1
-1
-1
-1
-1
-1
-1
-1
-1
-1
-1
-1
-1
-1
-1
-1
-1
-1
-1
-1
-1
-1
-1
-1
-1
-1
-1
-1
-1
-1
-1
-1
-1
-1
-1
-1
-1
-1
-1
-1
-1
-1
-1
-1
-1
-1
-1
-1
-1
-1
-1
-1
-1
-1
-1
-1
-1
-1
-1
-1
-1
-1
-1
-1
-1
-1
-1
-1
-1
-1
-1
-1
-1
-1
-1
-1
-1
-1
-1
-1
-1
-1
-1
-1
-1
-1
-1
-1
-1
-1
-1
-1
-1
-1
-1
-1
-1
-1
-1
-1
-1
-1
-1
-1
-1
-1
-1
-1
-1
-1
-1
-1
-1
-1
-1
-1
-1
-1
-1
-1
-1
-1
-1
-1
-1
-1
-1
-1
-1
-1
-1
-1
-1
-1
-1
-1
-1
-1
-1
-1
-1
-1
-1
-1
-1
-1
-1
-1
-1
-1
-1
-1
-1
-1
-1
-1
-1
-1
-1
-1
-1
-1
-1
-1
-1
-1
-1
-1
-1
-1
-1
-1
-1
-1
-1
-1
-1
-1
-1
-1
-1
-1
-1
-1
-1
-1
-1
-1
-1
-1
-1
-1
-1
-1
-1
-1
-1
-1
-1
-1
-1
-1
-1
-1
-1
-1
-1
-1
-1
-1
-1
-1
-1
-1
-1
-1
-1
-1
-1
-1
-1
-1
-1
-1
-1
-1
-1
-1
-1
-1
-1
-1
-1
-1
-1
-1
-1
-1
-1
-1
-1
-1
-1
-1
-1
-1
-1
-1
-1
-1
-1
-1
-1
-1
-1
-1
-1
-1
-1
-1
-1
-1
-1
-1
-1
-1
-1
-1
-1
-1
-1
-1
-1
-1
-1
-1
-1
-1
-1
-1
-1
-1
-1
-1
-1
-1
-1
-1
-1
