0 6 20
2 7 20
2 8 20
2 9 20
2 10 20
2 11 20
2 12 20
2 13 20
4 14 20
1 14 19
0 14 18
5 15 18
1 15 19
-1
-1
1 15 20
-1
-1
-1
1 15 21
-1
-1
-1
-1
1 15 22
-1
-1
-1
-1
1 15 23
-1
-1
-1
-1
1 15 24
-1
-1
-1
1 15 25
-1
-1
-1
-1
1 15 26
-1
-1
-1
-1
1 15 27
-1
-1
-1
-1
1 15 28
-1
-1
-1
1 15 29
-1
-1
-1
-1
1 15 30
-1
-1
-1
-1
1 15 31
-1
-1
-1
-1
1 15 32
-1
-1
-1
-1
1 15 33
-1
-1
-1
1 15 34
-1
-1
-1
-1
1 15 35
-1
-1
-1
-1
1 15 36
-1
-1
-1
-1
1 15 37
-1
-1
-1
1 15 38
-1
-1
-1
-1
1 15 39
-1
-1
-1
-1
1 15 40
-1
-1
-1
-1
1 15 41
-1
-1
-1
1 15 42
-1
-1
-1
-1
1 15 43
-1
-1
-1
-1
1 15 44
-1
-1
-1
-1
1 15 45
-1
-1
-1
1 15 46
-1
-1
-1
-1
3 15 47
-1
-1
-1
-1
2 16 47
-1
-1
-1
-1
2 17 47
-1
-1
-1
2 18 47
-1
-1
-1
-1
2 19 47
-1
-1
-1
-1
-1
-1
-1
-1
-1
-1
-1
-1
-1
-1
-1
-1
-1
-1
-1
-1
-1
-1
-1
-1
-1
-1
-1
-1
-1
-1
-1
-1
-1
-1
-1
-1
-1
-1
-1
-1
-1
-1
-1
-1
-1
-1
-1
-1
-1
-1
-1
-1
-1
-1
-1
-1
-1
-1
-1
-1
-1
-1
-1
-1
-1
-1
-1
-1
-1
-1
-1
-1
-1
-1
-1
-1
-1
-1
-1
-1
-1
-1
-1
-1
-1
-1
-1
-1
-1
-1
-1
-1
-1
-1
-1
-1
-1
-1
-1
-1
-1
-1
-1
-1
-1
-1
-1
-1
-1
-1
-1
-1
-1
-1
-1
-1
-1
-1
-1
-1
-1
-1
-1
-1
-1
-1
-1
-1
-1
-1
-1
-1
-1
-1
-1
-1
-1
-1
-1
-1
-1
-1
-1
-1
-1
-1
-1
-1
-1
-1
-1
-1
-1
-1
-1
-1
-1
-1
-1
-1
-1
-1
-1
-1
-1
-1
-1
-1
-1
-1
-1
-1
-1
-1
-1
-1
-1
-1
-1
-1
-1
-1
-1
-1
-1
-1
-1
-1
-1
-1
-1
-1
-1
-1
-1
-1
-1
-1
-1
-1
-1
-1
-1
-1
-1
-1
-1
-1
-1
-1
-1
-1
-1
-1
-1
-1
-1
-1
-1
-1
-1
-1
-1
-1
-1
-1
-1
-1
-1
-1
-1
-1
-1
-1
-1
-1
-1
0 20 47
-1
3 5 20
1 5 19
1 5 18
1 5 17
1 5 16
1 5 15
1 5 14
1 5 13
1 5 12
1 5 11
1 5 10
1 5 9
-1
-1
-1
-1
-1
-1
-1
-1
-1
-1
-1
-1
-1
-1
-1
-1
-1
-1
-1
-1
-1
-1
-1
-1
-1
-1
-1
-1
-1
-1
-1
-1
-1
-1
-1
-1
-1
-1
-1
-1
-1
-1
-1
-1
-1
-1
-1
-1
-1
-1
-1
-1
-1
0 5 8
2 21 47
2 22 47
2 23 47
2 24 47
2 25 47
2 26 47
2 27 47
2 28 47
2 29 47
2 30 47
2 31 47
2 32 47
2 33 47
2 34 47
2 35 47
2 36 47
2 37 47
2 38 47
4 39 47
1 39 46
-1
-1
-1
-1
-1
-1
-1
-1
-1
-1
-1
-1
0 39 45
2 6 8
2 7 8
4 8 8
1 8 7
1 8 6
1 8 5
1 8 4
1 8 3
1 8 2
-1
-1
-1
-1
-1
-1
-1
-1
0 8 1
6 14 17
2 15 17
5 16 17
1 16 18
1 16 19
1 16 20
1 16 21
1 16 22
1 16 23
1 16 24
1 16 25
3 16 26
2 17 26
2 18 26
2 19 26
2 20 26
2 21 26
2 22 26
2 23 26
2 24 26
2 25 26
2 26 26
2 27 26
2 28 26
2 29 26
2 30 26
0 31 26
2 38 45
2 37 45
2 36 45
2 35 45
2 34 45
2 33 45
0 32 45
5 9 1
1 9 2
1 9 3
3 9 4
0 10 4
2 32 26
2 33 26
2 34 26
2 35 26
2 36 26
2 37 26
2 38 26
2 39 26
4 40 26
1 40 25
1 40 24
1 40 23
1 40 22
1 40 21
1 40 20
1 40 19
1 40 18
1 40 17
1 40 16
1 40 15
1 40 14
1 40 13
1 40 12
1 40 11
1 40 10
1 40 9
0 40 8
2 13 18
2 12 18
2 11 18
3 10 18
1 10 17
1 10 16
0 10 15
4 20 48
2 19 48
2 18 48
2 17 48
2 16 48
2 15 48
2 14 48
2 13 48
2 12 48
2 11 48
2 10 48
2 9 48
2 8 48
2 7 48
2 6 48
2 5 48
2 4 48
2 3 48
3 2 48
1 2 47
1 2 46
0 2 45
2 11 4
2 12 4
2 13 4
2 14 4
2 15 4
2 16 4
2 17 4
2 18 4
2 19 4
2 20 4
2 21 4
2 22 4
2 23 4
2 24 4
2 25 4
4 26 4
1 26 3
0 26 2
5 31 25
2 30 25
2 29 25
2 28 25
2 27 25
0 26 25
2 11 15
2 12 15
2 13 15
2 14 15
2 15 15
2 16 15
2 17 15
4 18 15
0 18 14
2 40 45
2 41 45
4 42 45
1 42 44
1 42 43
1 42 42
1 42 41
1 42 40
1 42 39
0 42 38
2 39 8
2 38 8
2 37 8
2 36 8
2 35 8
2 34 8
6 33 8
1 33 9
1 33 10
1 33 11
1 33 12
1 33 13
1 33 14
1 33 15
0 33 16
3 1 45
1 1 44
1 1 43
1 1 42
0 1 41
2 41 38
2 40 38
3 39 38
1 39 37
1 39 36
0 39 35
2 4 8
2 3 8
3 2 8
1 2 7
1 2 6
0 2 5
5 19 14
3 19 15
2 20 15
0 21 15
5 27 2
1 27 3
1 27 4
1 27 5
3 27 6
2 28 6
0 29 6
4 31 27
2 30 27
2 29 27
2 28 27
2 27 27
2 26 27
2 25 27
2 24 27
2 23 27
2 22 27
2 21 27
6 20 27
1 20 28
0 20 29
2 38 35
2 37 35
2 36 35
2 35 35
2 34 35
3 33 35
1 33 34
1 33 33
1 33 32
1 33 31
1 33 30
0 33 29
2 3 45
2 4 45
2 5 45
4 6 45
1 6 44
0 6 43
1 33 17
1 33 18
1 33 19
1 33 20
1 33 21
1 33 22
3 33 23
2 34 23
2 35 23
0 36 23
6 10 3
2 11 3
2 12 3
2 13 3
2 14 3
2 15 3
2 16 3
0 17 3
1 10 5
1 10 6
1 10 7
3 10 8
2 11 8
2 12 8
0 13 8
5 7 43
1 7 44
1 7 45
4 7 46
6 6 46
0 6 47
1 21 14
1 21 13
1 21 12
1 21 11
1 21 10
0 21 9
1 32 44
1 32 43
1 32 42
1 32 41
1 32 40
1 32 39
1 32 38
0 32 37
2 34 29
2 35 29
2 36 29
0 37 29
-1
-1
-1
-1
-1
-1
-1
-1
-1
-1
-1
-1
-1
-1
-1
-1
-1
-1
-1
