0 35 3
1 35 4
1 35 5
1 35 6
1 35 7
1 35 8
1 35 9
1 35 10
1 35 11
1 35 12
1 35 13
1 35 14
1 35 15
1 35 16
1 35 17
1 35 18
1 35 19
1 35 20
1 35 21
1 35 22
1 35 23
1 35 24
1 35 25
1 35 26
1 35 27
1 35 28
1 35 29
1 35 30
3 35 31
2 36 31
2 37 31
2 38 31
2 39 31
0 40 31
1 40 32
1 40 33
1 40 34
1 40 35
1 40 36
1 40 37
-1
1 40 38
-1
-1
1 40 39
-1
-1
1 40 40
-1
1 40 41
-1
-1
1 40 42
-1
-1
1 40 43
-1
1 40 44
-1
-1
1 40 45
-1
-1
-1
-1
-1
-1
-1
-1
-1
-1
-1
-1
-1
-1
-1
-1
-1
-1
-1
-1
-1
-1
-1
-1
-1
-1
-1
-1
-1
-1
-1
-1
-1
-1
-1
-1
-1
-1
-1
-1
-1
-1
-1
-1
-1
-1
-1
-1
-1
-1
-1
-1
-1
-1
-1
-1
-1
-1
-1
-1
-1
-1
-1
-1
-1
-1
-1
-1
-1
-1
-1
-1
-1
-1
-1
-1
-1
-1
-1
-1
-1
-1
-1
-1
-1
-1
-1
-1
-1
-1
-1
-1
-1
-1
-1
-1
-1
-1
-1
-1
-1
-1
-1
-1
-1
-1
-1
-1
-1
-1
-1
-1
-1
-1
-1
-1
-1
-1
-1
-1
-1
-1
-1
-1
-1
-1
-1
-1
-1
-1
-1
-1
-1
-1
0 40 46
-1
5 41 31
1 41 32
1 41 33
1 41 34
1 41 35
1 41 36
-1
1 41 37
-1
-1
-1
-1
-1
-1
-1
-1
-1
-1
-1
-1
-1
-1
-1
-1
-1
-1
-1
-1
-1
-1
-1
-1
-1
-1
-1
-1
-1
-1
-1
-1
-1
-1
-1
-1
-1
-1
-1
-1
-1
-1
-1
-1
-1
-1
-1
-1
-1
-1
-1
-1
-1
-1
-1
-1
-1
0 41 38
6 34 3
1 34 4
1 34 5
1 34 6
1 34 7
-1
-1
-1
-1
-1
-1
-1
-1
-1
-1
-1
-1
-1
-1
-1
-1
-1
-1
-1
-1
-1
-1
-1
-1
-1
-1
-1
-1
-1
-1
-1
-1
-1
-1
-1
0 34 8
2 39 46
2 38 46
2 37 46
2 36 46
2 35 46
2 34 46
2 33 46
2 32 46
2 31 46
2 30 46
2 29 46
2 28 46
2 27 46
2 26 46
2 25 46
2 24 46
2 23 46
2 22 46
2 21 46
2 20 46
2 19 46
2 18 46
2 17 46
2 16 46
2 15 46
3 14 46
1 14 45
1 14 44
1 14 43
1 14 42
1 14 41
-1
-1
-1
-1
-1
-1
-1
-1
-1
-1
-1
-1
-1
-1
-1
0 14 40
2 13 40
2 12 40
2 11 40
3 10 40
1 10 39
1 10 38
1 10 37
1 10 36
1 10 35
1 10 34
1 10 33
1 10 32
1 10 31
1 10 30
-1
-1
-1
-1
-1
-1
-1
-1
-1
-1
-1
-1
-1
0 10 29
2 15 40
2 16 40
2 17 40
2 18 40
2 19 40
2 20 40
2 21 40
2 22 40
2 23 40
2 24 40
2 25 40
2 26 40
2 27 40
2 28 40
2 29 40
2 30 40
4 31 40
1 31 39
1 31 38
1 31 37
1 31 36
-1
-1
-1
-1
-1
0 31 35
2 11 29
2 12 29
2 13 29
2 14 29
2 15 29
2 16 29
2 17 29
4 18 29
1 18 28
1 18 27
1 18 26
1 18 25
-1
-1
-1
-1
-1
-1
-1
-1
0 18 24
2 36 3
2 37 3
2 38 3
2 39 3
2 40 3
-1
-1
-1
-1
-1
-1
-1
-1
-1
-1
0 41 3
2 32 35
2 33 35
2 34 35
2 35 35
-1
-1
-1
-1
-1
-1
-1
-1
-1
0 36 35
2 33 8
2 32 8
2 31 8
2 30 8
2 29 8
2 28 8
6 27 8
1 27 9
1 27 10
1 27 11
1 27 12
1 27 13
-1
0 27 14
2 9 29
3 8 29
1 8 28
1 8 27
1 8 26
1 8 25
1 8 24
1 8 23
1 8 22
1 8 21
1 8 20
1 8 19
1 8 18
1 8 17
1 8 16
1 8 15
1 8 14
0 8 13
6 31 34
4 32 34
1 32 33
1 32 32
1 32 31
1 32 30
0 32 29
4 40 47
2 39 47
2 38 47
2 37 47
2 36 47
2 35 47
2 34 47
2 33 47
2 32 47
2 31 47
2 30 47
2 29 47
2 28 47
2 27 47
2 26 47
6 25 47
1 25 48
0 25 49
2 7 13
6 6 13
1 6 14
1 6 15
1 6 16
1 6 17
1 6 18
1 6 19
1 6 20
1 6 21
1 6 22
0 6 23
1 41 4
1 41 5
1 41 6
1 41 7
1 41 8
1 41 9
3 41 10
2 42 10
2 43 10
2 44 10
0 45 10
6 5 23
1 5 24
1 5 25
1 5 26
1 5 27
1 5 28
1 5 29
1 5 30
1 5 31
1 5 32
1 5 33
0 5 34
4 45 11
2 44 11
2 43 11
2 42 11
2 41 11
3 40 11
0 40 10
2 30 35
2 29 35
6 28 35
1 28 36
1 28 37
1 28 38
0 28 39
5 35 2
2 34 2
0 33 2
2 26 14
2 25 14
2 24 14
2 23 14
2 22 14
2 21 14
2 20 14
3 19 14
0 19 13
5 40 30
2 39 30
2 38 30
2 37 30
3 36 30
1 36 29
1 36 28
0 36 27
2 4 34
2 3 34
2 2 34
6 1 34
1 1 35
0 1 36
2 20 13
4 21 13
1 21 12
1 21 11
1 21 10
1 21 9
1 21 8
0 21 7
4 36 36
2 35 36
2 34 36
2 33 36
6 32 36
1 32 37
1 32 38
1 32 39
1 32 40
4 32 41
2 31 41
2 30 41
2 29 41
2 28 41
2 27 41
2 26 41
2 25 41
2 24 41
2 23 41
2 22 41
2 21 41
6 20 41
0 20 42
2 42 38
2 43 38
2 44 38
0 45 38
2 27 39
2 26 39
2 25 39
2 24 39
3 23 39
1 23 38
0 23 37
5 19 24
1 19 25
1 19 26
1 19 27
1 19 28
1 19 29
4 19 30
2 18 30
0 17 30
4 5 35
6 4 35
1 4 36
1 4 37
1 4 38
1 4 39
1 4 40
1 4 41
1 4 42
1 4 43
0 4 44
5 46 10
1 46 11
1 46 12
1 46 13
1 46 14
1 46 15
1 46 16
1 46 17
1 46 18
1 46 19
3 46 20
2 47 20
0 48 20
6 18 23
2 19 23
2 20 23
2 21 23
2 22 23
2 23 23
4 24 23
0 24 22
2 25 22
2 26 22
2 27 22
2 28 22
2 29 22
4 30 22
0 30 21
2 19 42
2 18 42
2 17 42
0 16 42
5 8 12
2 7 12
2 6 12
2 5 12
2 4 12
2 3 12
2 2 12
2 1 12
6 0 12
1 0 13
1 0 14
1 0 15
1 0 16
1 0 17
1 0 18
0 0 19
2 42 3
2 43 3
2 44 3
0 45 3
5 37 35
1 37 36
1 37 37
1 37 38
1 37 39
1 37 40
0 37 41
2 20 7
6 19 7
0 19 8
3 17 31
2 18 31
2 19 31
0 20 31
4 48 21
2 47 21
2 46 21
2 45 21
2 44 21
3 43 21
1 43 20
0 43 19
4 9 13
1 9 12
5 9 11
2 8 11
3 7 11
1 7 10
1 7 9
0 7 8
1 10 28
1 10 27
1 10 26
1 10 25
1 10 24
0 10 23
5 31 21
1 31 22
4 31 23
2 30 23
2 29 23
2 28 23
2 27 23
6 26 23
0 26 24
1 45 39
0 45 40
-1
-1
-1
-1
-1
-1
-1
-1
-1
-1
-1
-1
-1
-1
-1
-1
-1
-1
-1
-1
-1
-1
-1
-1
-1
-1
-1
-1
-1
-1
-1
-1
-1
-1
-1
-1
-1
-1
-1
-1
-1
-1
-1
-1
-1
-1
-1
-1
-1
-1
