0 1 36
2 2 36
2 3 36
2 4 36
2 5 36
2 6 36
2 7 36
2 8 36
2 9 36
2 10 36
2 11 36
2 12 36
2 13 36
2 14 36
2 15 36
2 16 36
2 17 36
2 18 36
2 19 36
2 20 36
2 21 36
2 22 36
2 23 36
2 24 36
2 25 36
2 26 36
2 27 36
2 28 36
2 29 36
2 30 36
2 31 36
2 32 36
2 33 36
2 34 36
2 35 36
2 36 36
2 37 36
2 38 36
2 39 36
4 40 36
1 40 35
1 40 34
1 40 33
1 40 32
1 40 31
1 40 30
0 40 29
2 39 29
2 38 29
2 37 29
2 36 29
2 35 29
2 34 29
2 33 29
2 32 29
2 31 29
2 30 29
2 29 29
2 28 29
2 27 29
3 26 29
1 26 28
1 26 27
1 26 26
1 26 25
1 26 24
1 26 23
1 26 22
1 26 21
1 26 20
1 26 19
1 26 18
1 26 17
1 26 16
1 26 15
1 26 14
1 26 13
1 26 12
1 26 11
1 26 10
1 26 9
1 26 8
1 26 7
1 26 6
1 26 5
-1
-1
-1
-1
-1
-1
-1
-1
-1
-1
-1
-1
0 26 4
1 1 37
1 1 38
1 1 39
1 1 40
1 1 41
1 1 42
1 1 43
1 1 44
3 1 45
2 2 45
2 3 45
2 4 45
2 5 45
2 6 45
2 7 45
2 8 45
-1
-1
-1
-1
-1
-1
-1
-1
-1
-1
-1
-1
-1
-1
-1
-1
-1
-1
-1
-1
-1
-1
-1
-1
-1
-1
-1
-1
0 9 45
5 40 28
2 39 28
2 38 28
3 37 28
1 37 27
1 37 26
1 37 25
1 37 24
1 37 23
1 37 22
-1
-1
-1
-1
-1
-1
-1
-1
-1
-1
-1
-1
-1
-1
-1
-1
-1
-1
0 37 21
5 9 44
2 8 44
2 7 44
2 6 44
2 5 44
2 4 44
3 3 44
1 3 43
1 3 42
-1
-1
-1
-1
-1
-1
-1
-1
-1
-1
-1
-1
-1
0 3 41
5 27 4
1 27 5
1 27 6
1 27 7
1 27 8
1 27 9
1 27 10
1 27 11
1 27 12
1 27 13
3 27 14
2 28 14
-1
-1
-1
-1
-1
-1
-1
0 29 14
2 25 4
2 24 4
2 23 4
2 22 4
2 21 4
2 20 4
2 19 4
2 18 4
6 17 4
1 17 5
1 17 6
1 17 7
1 17 8
1 17 9
1 17 10
1 17 11
1 17 12
1 17 13
1 17 14
1 17 15
1 17 16
1 17 17
1 17 18
0 17 19
6 26 3
2 27 3
5 28 3
1 28 4
-1
-1
-1
-1
-1
0 28 5
2 16 19
6 15 19
1 15 20
1 15 21
1 15 22
1 15 23
1 15 24
-1
-1
-1
-1
-1
0 15 25
5 41 29
1 41 30
1 41 31
1 41 32
1 41 33
1 41 34
1 41 35
1 41 36
4 41 37
2 40 37
2 39 37
2 38 37
6 37 37
1 37 38
1 37 39
1 37 40
1 37 41
0 37 42
6 1 35
4 2 35
1 2 34
1 2 33
1 2 32
1 2 31
1 2 30
1 2 29
0 2 28
2 29 5
2 30 5
2 31 5
2 32 5
2 33 5
2 34 5
0 35 5
2 14 25
2 13 25
2 12 25
2 11 25
-1
0 10 25
2 36 21
2 35 21
6 34 21
1 34 22
1 34 23
1 34 24
1 34 25
1 34 26
0 34 27
1 15 26
1 15 27
1 15 28
1 15 29
1 15 30
1 15 31
0 15 32
4 29 15
2 28 15
6 27 15
1 27 16
1 27 17
1 27 18
1 27 19
1 27 20
1 27 21
1 27 22
0 27 23
5 35 4
2 34 4
2 33 4
2 32 4
2 31 4
0 30 4
5 37 20
2 36 20
2 35 20
2 34 20
2 33 20
6 32 20
0 32 21
5 3 28
1 3 29
3 3 30
2 4 30
2 5 30
2 6 30
0 7 30
2 36 42
2 35 42
2 34 42
2 33 42
2 32 42
2 31 42
2 30 42
2 29 42
2 28 42
2 27 42
6 26 42
1 26 43
1 26 44
1 26 45
1 26 46
1 26 47
0 26 48
2 18 19
2 19 19
2 20 19
4 21 19
0 21 18
2 16 32
2 17 32
2 18 32
2 19 32
2 20 32
2 21 32
4 22 32
1 22 31
0 22 30
2 14 32
2 13 32
2 12 32
2 11 32
0 10 32
5 23 30
1 23 31
1 23 32
1 23 33
3 23 34
2 24 34
2 25 34
2 26 34
2 27 34
2 28 34
2 29 34
2 30 34
2 31 34
2 32 34
0 33 34
2 9 25
3 8 25
0 8 24
1 37 43
3 37 44
2 38 44
2 39 44
0 40 44
6 10 24
2 11 24
2 12 24
2 13 24
4 14 24
1 14 23
1 14 22
1 14 21
1 14 20
1 14 19
6 14 18
4 15 18
1 15 17
1 15 16
1 15 15
0 15 14
2 14 14
2 13 14
2 12 14
2 11 14
2 10 14
2 9 14
0 8 14
6 22 29
2 23 29
5 24 29
3 24 30
2 25 30
2 26 30
2 27 30
0 28 30
4 36 5
1 36 4
5 36 3
0 35 3
2 10 45
2 11 45
2 12 45
2 13 45
2 14 45
2 15 45
2 16 45
2 17 45
4 18 45
1 18 44
1 18 43
1 18 42
1 18 41
1 18 40
1 18 39
0 18 38
2 7 14
2 6 14
2 5 14
2 4 14
2 3 14
2 2 14
2 1 14
3 0 14
1 0 13
0 0 12
2 34 34
2 35 34
2 36 34
2 37 34
2 38 34
4 39 34
1 39 33
1 39 32
0 39 31
3 21 30
1 21 29
1 21 28
1 21 27
0 21 26
5 38 21
1 38 22
1 38 23
1 38 24
1 38 25
1 38 26
3 38 27
2 39 27
2 40 27
5 41 27
3 41 28
5 42 28
1 42 29
3 42 30
2 43 30
2 44 30
0 45 30
5 7 29
2 6 29
0 5 29
3 25 48
1 25 47
1 25 46
1 25 45
1 25 44
1 25 43
1 25 42
6 25 41
2 26 41
2 27 41
2 28 41
4 29 41
0 29 40
6 2 27
4 3 27
1 3 26
1 3 25
1 3 24
1 3 23
1 3 22
1 3 21
0 3 20
4 26 49
2 25 49
2 24 49
2 23 49
2 22 49
2 21 49
3 20 49
1 20 48
0 20 47
2 4 20
2 5 20
4 6 20
0 6 19
6 8 13
2 9 13
0 10 13
4 35 6
2 34 6
2 33 6
0 32 6
2 46 30
4 47 30
1 47 29
0 47 28
5 4 41
1 4 42
3 4 43
2 5 43
2 6 43
2 7 43
2 8 43
2 9 43
5 10 43
3 10 44
0 11 44
4 22 18
1 22 17
1 22 16
1 22 15
0 22 14
4 17 20
0 16 20
1 10 12
1 10 11
1 10 10
1 10 9
1 10 8
1 10 7
1 10 6
1 10 5
1 10 4
1 10 3
1 10 2
1 10 1
0 10 0
3 31 21
1 31 20
6 31 19
2 32 19
2 33 19
2 34 19
2 35 19
2 36 19
2 37 19
2 38 19
0 39 19
2 21 14
3 20 14
1 20 13
1 20 12
1 20 11
1 20 10
1 20 9
1 20 8
0 20 7
0 30 40
2 40 19
2 41 19
2 42 19
2 43 19
2 44 19
4 45 19
1 45 18
1 45 17
0 45 16
4 1 12
1 1 11
1 1 10
1 1 9
1 1 8
1 1 7
1 1 6
0 1 5
2 30 14
2 31 14
2 32 14
2 33 14
2 34 14
2 35 14
4 36 14
1 36 13
0 36 12
2 41 44
2 42 44
2 43 44
2 44 44
4 45 44
0 45 43
1 45 15
1 45 14
1 45 13
1 45 12
1 45 11
1 45 10
1 45 9
0 45 8
4 16 14
1 16 13
1 16 12
1 16 11
1 16 10
1 16 9
1 16 8
1 16 7
0 16 6
3 19 47
1 19 46
0 19 45
3 33 35
2 34 35
0 35 35
2 22 26
4 23 26
1 23 25
0 23 24
6 3 40
2 4 40
4 5 40
0 5 39
3 40 45
2 41 45
0 42 45
2 2 5
2 3 5
4 4 5
1 4 4
1 4 3
0 4 2
1 45 31
1 45 32
1 45 33
1 45 34
0 45 35
2 7 19
2 8 19
2 9 19
2 10 19
2 11 19
2 12 19
0 13 19
-1
-1
-1
-1
-1
-1
-1
-1
-1
-1
-1
-1
-1
-1
-1
-1
-1
-1
-1
-1
-1
-1
-1
-1
-1
-1
-1
-1
-1
-1
-1
-1
-1
-1
-1
-1
-1
-1
-1
-1
-1
-1
-1
-1
-1
-1
-1
-1
-1
-1
-1
-1
-1
-1
-1
-1
-1
-1
-1
-1
-1
-1
-1
-1
-1
-1
-1
-1
-1
-1
-1
-1
-1
-1
-1
-1
-1
-1
-1
-1
-1
-1
-1
-1
-1
-1
-1
-1
-1
-1
-1
-1
-1
-1
-1
-1
-1
-1
-1
-1
-1
-1
-1
-1
-1
-1
-1
-1
-1
-1
-1
-1
-1
-1
-1
