0 1 46
2 2 46
2 3 46
2 4 46
2 5 46
2 6 46
2 7 46
2 8 46
2 9 46
2 10 46
2 11 46
2 12 46
2 13 46
2 14 46
2 15 46
2 16 46
2 17 46
2 18 46
2 19 46
2 20 46
2 21 46
2 22 46
2 23 46
2 24 46
2 25 46
2 26 46
2 27 46
2 28 46
2 29 46
2 30 46
2 31 46
2 32 46
2 33 46
2 34 46
2 35 46
2 36 46
4 37 46
1 37 45
1 37 44
1 37 43
1 37 42
1 37 41
1 37 40
1 37 39
1 37 38
1 37 37
1 37 36
1 37 35
1 37 34
1 37 33
1 37 32
0 37 31
2 36 31
2 35 31
2 34 31
2 33 31
2 32 31
2 31 31
2 30 31
2 29 31
2 28 31
2 27 31
2 26 31
2 25 31
2 24 31
2 23 31
2 22 31
2 21 31
2 20 31
2 19 31
2 18 31
2 17 31
2 16 31
2 15 31
3 14 31
1 14 30
1 14 29
1 14 28
1 14 27
1 14 26
1 14 25
1 14 24
1 14 23
1 14 22
1 14 21
1 14 20
1 14 19
1 14 18
1 14 17
1 14 16
1 14 15
1 14 14
1 14 13
1 14 12
1 14 11
1 14 10
1 14 9
1 14 8
1 14 7
1 14 6
1 14 5
1 14 4
1 14 3
1 14 2
1 14 1
0 14 0
5 37 30
3 36 30
1 36 29
1 36 28
1 36 27
1 36 26
-1
-1
-1
-1
-1
-1
-1
0 36 25
6 1 45
2 2 45
4 3 45
1 3 44
1 3 43
1 3 42
1 3 41
1 3 40
1 3 39
1 3 38
1 3 37
1 3 36
1 3 35
1 3 34
1 3 33
1 3 32
1 3 31
1 3 30
1 3 29
1 3 28
1 3 27
1 3 26
1 3 25
1 3 24
1 3 23
1 3 22
1 3 21
0 3 20
5 38 31
1 38 32
1 38 33
1 38 34
1 38 35
1 38 36
1 38 37
1 38 38
1 38 39
1 38 40
1 38 41
3 38 42
2 39 42
2 40 42
2 41 42
0 42 42
4 4 20
1 4 19
1 4 18
1 4 17
1 4 16
1 4 15
1 4 14
1 4 13
1 4 12
1 4 11
1 4 10
1 4 9
0 4 8
5 5 8
1 5 9
1 5 10
1 5 11
1 5 12
1 5 13
1 5 14
1 5 15
1 5 16
1 5 17
1 5 18
3 5 19
2 6 19
2 7 19
2 8 19
2 9 19
2 10 19
2 11 19
0 12 19
4 12 20
2 11 20
2 10 20
2 9 20
2 8 20
2 7 20
2 6 20
6 5 20
4 5 21
6 4 21
1 4 22
1 4 23
1 4 24
1 4 25
1 4 26
1 4 27
1 4 28
1 4 29
1 4 30
1 4 31
1 4 32
1 4 33
1 4 34
0 4 35
5 15 0
1 15 1
1 15 2
1 15 3
1 15 4
1 15 5
3 15 6
2 16 6
2 17 6
2 18 6
2 19 6
2 20 6
2 21 6
2 22 6
2 23 6
2 24 6
2 25 6
0 26 6
6 2 20
1 2 21
1 2 22
1 2 23
0 2 24
2 37 25
2 38 25
4 39 25
1 39 24
1 39 23
1 39 22
1 39 21
1 39 20
1 39 19
1 39 18
1 39 17
1 39 16
1 39 15
1 39 14
1 39 13
1 39 12
0 39 11
2 43 42
4 44 42
1 44 41
1 44 40
1 44 39
1 44 38
1 44 37
1 44 36
0 44 35
1 4 36
3 4 37
2 5 37
2 6 37
2 7 37
0 8 37
1 26 7
1 26 8
1 26 9
3 26 10
2 27 10
2 28 10
2 29 10
0 30 10
2 9 37
2 10 37
2 11 37
2 12 37
2 13 37
2 14 37
4 15 37
1 15 36
1 15 35
1 15 34
0 15 33
5 40 11
1 40 12
1 40 13
1 40 14
1 40 15
1 40 16
1 40 17
3 40 18
2 41 18
2 42 18
2 43 18
2 44 18
2 45 18
0 46 18
2 31 10
2 32 10
4 33 10
1 33 9
1 33 8
0 33 7
4 30 11
2 29 11
2 28 11
2 27 11
2 26 11
2 25 11
2 24 11
2 23 11
2 22 11
2 21 11
3 20 11
1 20 10
1 20 9
1 20 8
0 20 7
2 38 11
2 37 11
2 36 11
2 35 11
2 34 11
2 33 11
2 32 11
6 31 11
4 31 12
2 30 12
2 29 12
0 28 12
4 42 43
2 41 43
2 40 43
2 39 43
6 38 43
1 38 44
1 38 45
1 38 46
4 38 47
2 37 47
2 36 47
2 35 47
2 34 47
2 33 47
0 32 47
6 27 12
1 27 13
1 27 14
1 27 15
1 27 16
1 27 17
1 27 18
0 27 19
2 13 0
2 12 0
6 11 0
1 11 1
1 11 2
1 11 3
1 11 4
0 11 5
2 43 35
3 42 35
1 42 34
1 42 33
1 42 32
1 42 31
1 42 30
1 42 29
1 42 28
1 42 27
0 42 26
4 8 38
2 7 38
2 6 38
6 5 38
1 5 39
1 5 40
0 5 41
5 16 33
1 16 34
3 16 35
2 17 35
2 18 35
2 19 35
2 20 35
2 21 35
2 22 35
2 23 35
2 24 35
2 25 35
2 26 35
2 27 35
2 28 35
2 29 35
2 30 35
0 31 35
2 3 8
6 2 8
0 2 9
2 41 26
2 40 26
6 39 26
1 39 27
1 39 28
1 39 29
1 39 30
0 39 31
2 1 24
6 0 24
1 0 25
1 0 26
1 0 27
1 0 28
1 0 29
1 0 30
1 0 31
0 0 32
1 26 5
1 26 4
1 26 3
0 26 2
2 5 35
2 6 35
4 7 35
0 7 34
1 39 10
1 39 9
1 39 8
1 39 7
1 39 6
1 39 5
1 39 4
1 39 3
1 39 2
1 39 1
0 39 0
2 26 19
2 25 19
2 24 19
2 23 19
2 22 19
2 21 19
2 20 19
2 19 19
2 18 19
2 17 19
2 16 19
6 15 19
1 15 20
1 15 21
1 15 22
0 15 23
2 27 6
2 28 6
2 29 6
4 30 6
1 30 5
0 30 4
1 15 24
1 15 25
0 15 26
-1
-1
-1
-1
-1
-1
-1
-1
-1
-1
-1
-1
-1
-1
-1
-1
-1
-1
-1
-1
-1
-1
-1
-1
-1
-1
-1
-1
-1
-1
-1
-1
-1
-1
-1
-1
-1
-1
-1
-1
-1
-1
-1
-1
-1
-1
-1
-1
-1
-1
-1
-1
-1
-1
-1
-1
-1
-1
-1
-1
-1
-1
-1
-1
-1
-1
-1
-1
-1
-1
-1
-1
-1
-1
-1
-1
-1
-1
-1
-1
-1
-1
-1
-1
-1
-1
-1
-1
-1
-1
-1
-1
-1
-1
-1
-1
-1
-1
-1
-1
-1
-1
-1
-1
-1
-1
-1
-1
-1
-1
-1
-1
-1
-1
-1
-1
-1
-1
-1
-1
-1
-1
-1
-1
-1
-1
-1
-1
-1
-1
-1
-1
-1
-1
-1
-1
-1
-1
-1
-1
-1
-1
-1
-1
-1
-1
-1
-1
-1
-1
-1
-1
-1
-1
-1
-1
-1
-1
-1
-1
-1
-1
-1
-1
-1
-1
-1
-1
-1
-1
-1
-1
-1
-1
-1
-1
-1
-1
-1
-1
-1
-1
-1
-1
-1
-1
-1
-1
-1
-1
-1
-1
-1
-1
-1
-1
-1
-1
-1
-1
-1
-1
-1
-1
-1
-1
-1
-1
-1
-1
-1
-1
-1
-1
-1
-1
-1
-1
-1
-1
-1
-1
-1
-1
-1
-1
-1
-1
-1
-1
-1
-1
-1
-1
-1
-1
-1
-1
-1
-1
-1
-1
-1
-1
-1
-1
-1
-1
-1
-1
-1
-1
-1
-1
-1
-1
-1
-1
-1
-1
-1
-1
-1
-1
-1
-1
-1
-1
-1
-1
-1
-1
-1
-1
-1
-1
-1
-1
-1
-1
-1
-1
-1
-1
-1
-1
-1
-1
-1
-1
-1
-1
-1
-1
-1
-1
-1
-1
-1
-1
-1
-1
-1
-1
-1
-1
-1
-1
-1
-1
-1
-1
-1
-1
-1
-1
-1
-1
-1
-1
-1
-1
-1
-1
-1
-1
-1
