0 4 29
1 4 30
1 4 31
1 4 32
1 4 33
1 4 34
1 4 35
1 4 36
1 4 37
1 4 38
3 4 39
2 5 39
2 6 39
2 7 39
2 8 39
2 9 39
2 10 39
2 11 39
2 12 39
2 13 39
2 14 39
2 15 39
2 16 39
2 17 39
2 18 39
2 19 39
2 20 39
2 21 39
2 22 39
2 23 39
2 24 39
2 25 39
2 26 39
2 27 39
2 28 39
2 29 39
2 30 39
2 31 39
2 32 39
2 33 39
2 34 39
2 35 39
0 36 39
4 37 39
1 37 38
1 37 37
1 37 36
1 37 35
1 37 34
1 37 33
1 37 32
1 37 31
1 37 30
1 37 29
1 37 28
1 37 27
1 37 26
1 37 25
1 37 24
1 37 23
1 37 22
1 37 21
1 37 20
1 37 19
1 37 18
1 37 17
1 37 16
1 37 15
1 37 14
1 37 13
1 37 12
1 37 11
1 37 10
1 37 9
-1
-1
-1
-1
-1
-1
-1
-1
-1
-1
-1
-1
-1
-1
-1
0 37 8
4 36 40
2 35 40
6 34 40
1 34 41
1 34 42
1 34 43
1 34 44
1 34 45
1 34 46
-1
-1
-1
-1
-1
-1
-1
-1
-1
-1
-1
-1
0 34 47
5 5 29
1 5 30
1 5 31
1 5 32
3 5 33
-1
-1
-1
-1
-1
-1
-1
-1
-1
0 6 33
5 38 8
1 38 9
1 38 10
1 38 11
1 38 12
3 38 13
2 39 13
2 40 13
2 41 13
2 42 13
-1
0 43 13
1 6 34
1 6 35
3 6 36
2 7 36
2 8 36
2 9 36
2 10 36
2 11 36
2 12 36
2 13 36
2 14 36
2 15 36
2 16 36
0 17 36
2 36 8
2 35 8
2 34 8
2 33 8
2 32 8
2 31 8
2 30 8
2 29 8
2 28 8
2 27 8
2 26 8
2 25 8
2 24 8
2 23 8
2 22 8
2 21 8
2 20 8
2 19 8
2 18 8
2 17 8
2 16 8
2 15 8
2 14 8
3 13 8
1 13 7
1 13 6
1 13 5
1 13 4
0 13 3
2 35 47
2 36 47
2 37 47
2 38 47
2 39 47
2 40 47
2 41 47
4 42 47
1 42 46
1 42 45
1 42 44
0 42 43
2 3 29
3 2 29
1 2 28
1 2 27
0 2 26
2 18 36
2 19 36
2 20 36
2 21 36
2 22 36
2 23 36
2 24 36
2 25 36
4 26 36
1 26 35
0 26 34
2 12 3
2 11 3
2 10 3
2 9 3
6 8 3
1 8 4
1 8 5
1 8 6
1 8 7
1 8 8
1 8 9
1 8 10
1 8 11
1 8 12
1 8 13
0 8 14
2 41 43
2 40 43
2 39 43
2 38 43
2 37 43
0 36 43
2 27 34
2 28 34
2 29 34
4 30 34
1 30 33
1 30 32
1 30 31
1 30 30
1 30 29
1 30 28
1 30 27
1 30 26
1 30 25
1 30 24
1 30 23
1 30 22
1 30 21
0 30 20
5 36 38
2 35 38
2 34 38
2 33 38
2 32 38
2 31 38
2 30 38
2 29 38
0 28 38
2 7 14
2 6 14
2 5 14
2 4 14
2 3 14
2 2 14
3 1 14
0 1 13
1 8 15
1 8 16
1 8 17
3 8 18
2 9 18
2 10 18
2 11 18
2 12 18
2 13 18
2 14 18
2 15 18
0 16 18
1 2 25
1 2 24
0 2 23
4 43 14
2 42 14
2 41 14
0 40 14
1 40 15
1 40 16
1 40 17
1 40 18
1 40 19
1 40 20
1 40 21
1 40 22
1 40 23
1 40 24
1 40 25
1 40 26
3 40 27
2 41 27
0 42 27
2 9 14
4 10 14
1 10 13
1 10 12
1 10 11
1 10 10
1 10 9
1 10 8
1 10 7
1 10 6
1 10 5
0 10 4
5 43 43
3 43 44
2 44 44
0 45 44
5 16 17
2 15 17
2 14 17
2 13 17
2 12 17
2 11 17
3 10 17
1 10 16
0 10 15
5 14 3
1 14 4
1 14 5
3 14 6
2 15 6
2 16 6
2 17 6
0 18 6
6 0 13
1 0 14
1 0 15
3 0 16
2 1 16
0 2 16
6 1 26
1 1 27
1 1 28
1 1 29
1 1 30
1 1 31
1 1 32
1 1 33
1 1 34
1 1 35
3 1 36
2 2 36
0 3 36
2 3 23
2 4 23
2 5 23
4 6 23
1 6 22
1 6 21
0 6 20
2 3 26
2 4 26
2 5 26
2 6 26
0 7 26
6 28 37
2 29 37
2 30 37
2 31 37
2 32 37
4 33 37
1 33 36
1 33 35
1 33 34
1 33 33
0 33 32
5 7 20
1 7 21
3 7 22
2 8 22
2 9 22
0 10 22
2 27 38
2 26 38
3 25 38
0 25 37
2 26 37
4 27 37
6 27 36
2 28 36
4 29 36
0 29 35
5 44 13
1 44 14
1 44 15
1 44 16
1 44 17
3 44 18
0 45 18
2 33 47
2 32 47
3 31 47
1 31 46
1 31 45
1 31 44
0 31 43
2 25 34
3 24 34
1 24 33
1 24 32
1 24 31
1 24 30
1 24 29
0 24 28
2 11 15
4 12 15
1 12 14
0 12 13
2 30 43
2 29 43
2 28 43
2 27 43
2 26 43
2 25 43
2 24 43
3 23 43
1 23 42
1 23 41
0 23 40
-1
-1
-1
-1
-1
-1
-1
-1
-1
-1
-1
-1
-1
-1
-1
-1
-1
-1
-1
-1
-1
-1
-1
-1
-1
-1
-1
-1
-1
-1
-1
-1
-1
-1
-1
-1
-1
-1
-1
-1
-1
-1
-1
-1
-1
-1
-1
-1
-1
-1
-1
-1
-1
-1
-1
-1
-1
-1
-1
-1
-1
-1
-1
-1
-1
-1
-1
-1
-1
-1
-1
-1
-1
-1
-1
-1
-1
-1
-1
-1
-1
-1
-1
-1
-1
-1
-1
-1
-1
-1
-1
-1
-1
-1
-1
-1
-1
-1
-1
-1
-1
-1
-1
-1
-1
-1
-1
-1
-1
-1
-1
-1
-1
-1
-1
-1
-1
-1
-1
-1
-1
-1
-1
-1
-1
-1
-1
-1
-1
-1
-1
-1
-1
-1
-1
-1
-1
-1
-1
-1
-1
-1
-1
-1
-1
-1
-1
-1
-1
-1
-1
-1
-1
-1
-1
-1
-1
-1
-1
-1
-1
-1
-1
-1
-1
-1
-1
-1
-1
-1
-1
-1
-1
-1
-1
-1
-1
-1
-1
-1
-1
-1
-1
-1
-1
-1
-1
-1
-1
-1
-1
-1
-1
-1
-1
-1
-1
-1
-1
-1
-1
-1
-1
-1
-1
-1
-1
-1
-1
-1
-1
-1
-1
-1
-1
-1
-1
-1
-1
-1
-1
-1
-1
-1
-1
-1
-1
-1
-1
-1
-1
-1
-1
-1
-1
-1
-1
-1
-1
-1
-1
-1
-1
-1
-1
-1
-1
-1
-1
-1
-1
-1
-1
-1
-1
-1
-1
-1
-1
-1
-1
-1
-1
-1
-1
-1
-1
-1
-1
-1
-1
-1
-1
-1
-1
-1
-1
-1
-1
-1
-1
-1
-1
-1
-1
-1
-1
-1
-1
-1
-1
-1
-1
-1
-1
-1
-1
-1
-1
-1
-1
-1
-1
-1
-1
-1
-1
-1
-1
-1
-1
-1
-1
-1
-1
-1
-1
-1
-1
-1
-1
-1
-1
-1
-1
-1
-1
-1
-1
-1
-1
-1
-1
-1
-1
-1
-1
-1
-1
-1
-1
-1
-1
-1
-1
-1
-1
-1
-1
-1
-1
-1
-1
-1
-1
-1
-1
-1
-1
-1
-1
-1
-1
-1
-1
-1
-1
-1
-1
-1
-1
