0 8 33
2 9 33
2 10 33
2 11 33
2 12 33
2 13 33
2 14 33
2 15 33
2 16 33
2 17 33
2 18 33
2 19 33
2 20 33
2 21 33
2 22 33
2 23 33
2 24 33
2 25 33
2 26 33
2 27 33
2 28 33
2 29 33
2 30 33
2 31 33
2 32 33
2 33 33
2 34 33
2 35 33
2 36 33
2 37 33
2 38 33
0 39 33
2 7 33
2 6 33
2 5 33
2 4 33
2 3 33
3 2 33
1 2 32
1 2 31
1 2 30
1 2 29
1 2 28
1 2 27
1 2 26
1 2 25
1 2 24
1 2 23
1 2 22
1 2 21
1 2 20
1 2 19
1 2 18
1 2 17
1 2 16
1 2 15
1 2 14
1 2 13
1 2 12
1 2 11
1 2 10
1 2 9
1 2 8
1 2 7
1 2 6
1 2 5
0 2 4
1 39 34
1 39 35
1 39 36
1 39 37
1 39 38
1 39 39
1 39 40
1 39 41
1 39 42
1 39 43
3 39 44
2 40 44
2 41 44
2 42 44
-1
0 43 44
4 43 45
2 42 45
2 41 45
2 40 45
2 39 45
2 38 45
3 37 45
1 37 44
1 37 43
1 37 42
1 37 41
1 37 40
1 37 39
1 37 38
1 37 37
-1
-1
0 37 36
6 8 32
2 9 32
4 10 32
1 10 31
1 10 30
-1
-1
-1
-1
-1
-1
-1
0 10 29
1 8 34
1 8 35
1 8 36
3 8 37
2 9 37
2 10 37
2 11 37
-1
-1
0 12 37
5 39 32
2 38 32
2 37 32
2 36 32
2 35 32
2 34 32
2 33 32
2 32 32
2 31 32
2 30 32
2 29 32
3 28 32
1 28 31
1 28 30
1 28 29
1 28 28
1 28 27
1 28 26
1 28 25
1 28 24
1 28 23
1 28 22
1 28 21
1 28 20
1 28 19
1 28 18
1 28 17
1 28 16
1 28 15
1 28 14
0 28 13
2 9 29
2 8 29
2 7 29
2 6 29
6 5 29
1 5 30
0 5 31
2 3 4
2 4 4
2 5 4
2 6 4
2 7 4
2 8 4
2 9 4
4 10 4
1 10 3
0 10 2
2 36 36
6 35 36
0 35 37
5 11 29
1 11 30
1 11 31
3 11 32
2 12 32
2 13 32
2 14 32
0 15 32
4 40 33
1 40 32
5 40 31
2 39 31
2 38 31
2 37 31
2 36 31
0 35 31
2 29 13
2 30 13
2 31 13
2 32 13
2 33 13
2 34 13
2 35 13
2 36 13
2 37 13
2 38 13
4 39 13
1 39 12
1 39 11
1 39 10
1 39 9
1 39 8
1 39 7
1 39 6
1 39 5
0 39 4
5 40 4
1 40 5
1 40 6
1 40 7
1 40 8
1 40 9
1 40 10
1 40 11
1 40 12
1 40 13
1 40 14
1 40 15
3 40 16
2 41 16
2 42 16
2 43 16
0 44 16
5 11 2
1 11 3
1 11 4
4 11 5
2 10 5
2 9 5
2 8 5
2 7 5
2 6 5
6 5 5
1 5 6
0 5 7
2 44 44
4 45 44
1 45 43
1 45 42
1 45 41
1 45 40
0 45 39
6 10 1
2 11 1
5 12 1
1 12 2
1 12 3
1 12 4
3 12 5
2 13 5
2 14 5
0 15 5
2 38 4
2 37 4
6 36 4
1 36 5
0 36 6
2 34 37
2 33 37
2 32 37
2 31 37
2 30 37
2 29 37
2 28 37
2 27 37
6 26 37
1 26 38
1 26 39
1 26 40
1 26 41
1 26 42
1 26 43
1 26 44
0 26 45
4 44 17
2 43 17
2 42 17
2 41 17
2 40 17
2 39 17
2 38 17
2 37 17
2 36 17
2 35 17
2 34 17
2 33 17
2 32 17
3 31 17
1 31 16
1 31 15
0 31 14
2 4 7
6 3 7
1 3 8
1 3 9
0 3 10
5 44 15
2 43 15
3 42 15
1 42 14
1 42 13
1 42 12
1 42 11
0 42 10
6 27 13
1 27 14
1 27 15
1 27 16
0 27 17
1 36 7
1 36 8
1 36 9
1 36 10
0 36 11
6 10 28
2 11 28
5 12 28
0 12 29
2 35 6
2 34 6
2 33 6
6 32 6
0 32 7
5 37 35
2 36 35
3 35 35
0 35 34
2 16 32
2 17 32
2 18 32
2 19 32
2 20 32
4 21 32
1 21 31
1 21 30
1 21 29
1 21 28
1 21 27
0 21 26
2 25 45
2 24 45
2 23 45
2 22 45
2 21 45
6 20 45
1 20 46
0 20 47
5 28 12
2 27 12
3 26 12
1 26 11
1 26 10
1 26 9
0 26 8
5 22 26
1 22 27
1 22 28
1 22 29
1 22 30
1 22 31
3 22 32
2 23 32
2 24 32
0 25 32
5 45 16
1 45 17
1 45 18
1 45 19
1 45 20
3 45 21
2 46 21
0 47 21
5 39 3
2 38 3
3 37 3
0 37 2
5 43 43
2 42 43
2 41 43
3 40 43
1 40 42
0 40 41
6 1 4
1 1 5
1 1 6
1 1 7
0 1 8
2 13 37
2 14 37
2 15 37
2 16 37
0 17 37
4 43 10
1 43 9
1 43 8
1 43 7
0 43 6
4 12 38
6 11 38
1 11 39
1 11 40
1 11 41
0 11 42
1 1 9
1 1 10
1 1 11
1 1 12
1 1 13
1 1 14
0 1 15
6 30 14
1 30 15
1 30 16
1 30 17
0 30 18
6 0 15
1 0 16
1 0 17
1 0 18
1 0 19
1 0 20
1 0 21
1 0 22
1 0 23
1 0 24
1 0 25
1 0 26
1 0 27
1 0 28
1 0 29
1 0 30
0 0 31
1 15 6
1 15 7
1 15 8
1 15 9
1 15 10
1 15 11
0 15 12
2 34 34
2 33 34
2 32 34
2 31 34
2 30 34
0 29 34
2 6 7
2 7 7
2 8 7
2 9 7
2 10 7
2 11 7
4 12 7
0 12 6
6 21 25
4 22 25
1 22 24
1 22 23
1 22 22
1 22 21
0 22 20
-1
-1
-1
-1
-1
-1
-1
-1
-1
-1
-1
-1
-1
-1
-1
-1
-1
-1
-1
-1
-1
-1
-1
-1
-1
-1
-1
-1
-1
-1
-1
-1
-1
-1
-1
-1
-1
-1
-1
-1
-1
-1
-1
-1
-1
-1
-1
-1
-1
-1
-1
-1
-1
-1
-1
-1
-1
-1
-1
-1
-1
-1
-1
-1
-1
-1
-1
-1
-1
-1
-1
-1
-1
-1
-1
-1
-1
-1
-1
-1
-1
-1
-1
-1
-1
-1
-1
-1
-1
-1
-1
-1
-1
-1
-1
-1
-1
-1
-1
-1
-1
-1
-1
-1
-1
-1
-1
-1
-1
-1
-1
-1
-1
-1
-1
-1
-1
-1
-1
-1
-1
-1
-1
-1
-1
-1
-1
-1
-1
-1
-1
-1
-1
-1
-1
-1
-1
-1
-1
-1
-1
-1
-1
-1
-1
-1
-1
-1
-1
-1
-1
-1
-1
-1
-1
-1
-1
-1
-1
-1
-1
-1
-1
-1
-1
-1
-1
-1
-1
-1
-1
-1
-1
-1
-1
-1
-1
-1
-1
-1
-1
-1
-1
-1
-1
-1
-1
-1
-1
-1
-1
-1
-1
-1
-1
-1
-1
-1
-1
-1
-1
-1
-1
-1
-1
-1
-1
-1
-1
-1
-1
-1
-1
-1
-1
-1
-1
-1
-1
-1
-1
-1
-1
-1
-1
-1
-1
-1
-1
-1
-1
-1
-1
-1
-1
-1
-1
-1
-1
-1
-1
-1
-1
-1
-1
-1
-1
-1
-1
-1
-1
-1
-1
-1
-1
-1
-1
-1
-1
-1
-1
-1
-1
-1
-1
-1
-1
-1
-1
-1
-1
-1
-1
-1
-1
-1
-1
-1
-1
-1
-1
-1
-1
-1
-1
-1
-1
-1
-1
-1
-1
-1
-1
-1
-1
-1
-1
-1
-1
-1
-1
-1
-1
-1
-1
-1
-1
-1
-1
-1
-1
-1
-1
-1
-1
-1
-1
-1
-1
-1
-1
-1
-1
-1
-1
-1
-1
-1
-1
-1
-1
-1
-1
-1
-1
