0 5 13
1 5 14
1 5 15
1 5 16
1 5 17
1 5 18
1 5 19
1 5 20
3 5 21
2 6 21
2 7 21
2 8 21
2 9 21
2 10 21
2 11 21
2 12 21
2 13 21
2 14 21
2 15 21
2 16 21
2 17 21
2 18 21
2 19 21
2 20 21
0 21 21
2 22 21
2 23 21
2 24 21
2 25 21
2 26 21
2 27 21
2 28 21
2 29 21
2 30 21
2 31 21
2 32 21
2 33 21
2 34 21
2 35 21
2 36 21
2 37 21
2 38 21
2 39 21
2 40 21
4 41 21
1 41 20
1 41 19
1 41 18
-1
-1
-1
-1
-1
-1
-1
-1
-1
-1
-1
-1
-1
-1
-1
-1
-1
-1
-1
-1
-1
-1
-1
-1
-1
-1
-1
-1
-1
-1
-1
-1
-1
-1
-1
-1
-1
-1
-1
-1
-1
-1
-1
-1
-1
-1
-1
-1
-1
-1
-1
-1
-1
-1
-1
-1
-1
-1
-1
-1
-1
-1
-1
-1
-1
-1
-1
-1
-1
-1
-1
-1
-1
-1
-1
-1
-1
-1
-1
-1
-1
-1
-1
-1
-1
-1
-1
-1
-1
-1
-1
-1
-1
0 41 17
2 4 13
-1
2 3 13
2 2 13
-1
6 1 13
1 1 14
-1
1 1 15
1 1 16
-1
1 1 17
1 1 18
1 1 19
-1
1 1 20
1 1 21
-1
1 1 22
1 1 23
-1
1 1 24
1 1 25
-1
1 1 26
1 1 27
-1
1 1 28
1 1 29
1 1 30
-1
1 1 31
1 1 32
-1
1 1 33
1 1 34
-1
1 1 35
1 1 36
-1
1 1 37
1 1 38
1 1 39
-1
1 1 40
1 1 41
-1
1 1 42
1 1 43
-1
1 1 44
-1
-1
-1
-1
-1
-1
-1
-1
-1
-1
-1
-1
-1
-1
-1
-1
-1
-1
-1
-1
-1
-1
-1
-1
-1
-1
-1
-1
-1
-1
-1
-1
-1
-1
-1
-1
-1
-1
-1
-1
-1
-1
-1
-1
-1
-1
-1
-1
-1
-1
-1
-1
-1
-1
-1
-1
-1
-1
-1
-1
-1
-1
-1
-1
-1
-1
-1
-1
-1
-1
-1
0 1 45
2 6 13
2 7 13
4 8 13
1 8 12
1 8 11
1 8 10
1 8 9
1 8 8
1 8 7
-1
-1
-1
-1
-1
-1
-1
-1
-1
-1
-1
-1
-1
-1
-1
-1
-1
-1
-1
-1
-1
-1
-1
-1
-1
-1
-1
-1
-1
-1
-1
-1
-1
0 8 6
2 2 45
2 3 45
2 4 45
2 5 45
2 6 45
2 7 45
2 8 45
4 9 45
1 9 44
1 9 43
-1
-1
-1
-1
-1
-1
-1
-1
-1
-1
-1
-1
-1
-1
-1
-1
-1
-1
-1
-1
-1
0 9 42
2 10 42
2 11 42
2 12 42
2 13 42
2 14 42
2 15 42
2 16 42
2 17 42
2 18 42
2 19 42
2 20 42
2 21 42
4 22 42
1 22 41
-1
-1
-1
-1
-1
-1
-1
-1
-1
-1
-1
-1
0 22 40
4 21 22
2 20 22
2 19 22
2 18 22
2 17 22
2 16 22
2 15 22
2 14 22
2 13 22
2 12 22
6 11 22
1 11 23
1 11 24
1 11 25
-1
-1
-1
-1
-1
-1
-1
-1
0 11 26
2 40 17
2 39 17
2 38 17
2 37 17
2 36 17
6 35 17
1 35 18
1 35 19
-1
-1
-1
-1
-1
-1
-1
-1
-1
0 35 20
5 23 40
1 23 41
1 23 42
4 23 43
2 22 43
2 21 43
2 20 43
2 19 43
2 18 43
2 17 43
2 16 43
2 15 43
-1
-1
-1
-1
-1
0 14 43
2 12 26
2 13 26
2 14 26
2 15 26
2 16 26
2 17 26
2 18 26
2 19 26
2 20 26
2 21 26
2 22 26
2 23 26
2 24 26
2 25 26
4 26 26
1 26 25
0 26 24
5 9 6
1 9 7
1 9 8
1 9 9
1 9 10
1 9 11
3 9 12
2 10 12
2 11 12
-1
-1
-1
-1
0 12 12
2 10 26
2 9 26
2 8 26
2 7 26
2 6 26
2 5 26
3 4 26
1 4 25
1 4 24
1 4 23
1 4 22
-1
0 4 21
1 14 44
1 14 45
1 14 46
3 14 47
2 15 47
2 16 47
2 17 47
2 18 47
2 19 47
-1
-1
0 20 47
3 34 20
1 34 19
1 34 18
1 34 17
1 34 16
1 34 15
1 34 14
1 34 13
1 34 12
1 34 11
0 34 10
5 42 17
1 42 18
1 42 19
1 42 20
1 42 21
1 42 22
1 42 23
1 42 24
1 42 25
1 42 26
1 42 27
1 42 28
1 42 29
1 42 30
1 42 31
1 42 32
1 42 33
3 42 34
2 43 34
0 44 34
2 3 21
6 2 21
1 2 22
1 2 23
1 2 24
1 2 25
0 2 26
5 21 20
2 20 20
2 19 20
2 18 20
3 17 20
0 17 19
6 41 16
2 42 16
4 43 16
1 43 15
1 43 14
1 43 13
1 43 12
1 43 11
1 43 10
1 43 9
1 43 8
0 43 7
2 21 40
2 20 40
2 19 40
2 18 40
2 17 40
6 16 40
0 16 41
6 22 39
2 23 39
5 24 39
1 24 40
1 24 41
1 24 42
3 24 43
2 25 43
2 26 43
2 27 43
2 28 43
2 29 43
2 30 43
2 31 43
2 32 43
2 33 43
2 34 43
0 35 43
1 11 27
1 11 28
1 11 29
3 11 30
2 12 30
2 13 30
2 14 30
2 15 30
2 16 30
2 17 30
2 18 30
2 19 30
0 20 30
1 35 44
3 35 45
2 36 45
2 37 45
2 38 45
2 39 45
0 40 45
2 42 7
2 41 7
2 40 7
2 39 7
3 38 7
1 38 6
1 38 5
1 38 4
1 38 3
0 38 2
1 20 31
1 20 32
1 20 33
1 20 34
1 20 35
1 20 36
1 20 37
0 20 38
2 21 38
2 22 38
2 23 38
2 24 38
2 25 38
2 26 38
2 27 38
0 28 38
5 5 12
2 4 12
2 3 12
2 2 12
2 1 12
3 0 12
1 0 11
1 0 10
1 0 9
0 0 8
6 8 5
2 9 5
4 10 5
1 10 4
1 10 3
1 10 2
0 10 1
5 21 30
1 21 31
1 21 32
1 21 33
3 21 34
2 22 34
2 23 34
0 24 34
2 8 42
2 7 42
2 6 42
2 5 42
2 4 42
3 3 42
1 3 41
1 3 40
0 3 39
2 45 34
4 46 34
1 46 33
1 46 32
1 46 31
1 46 30
1 46 29
1 46 28
1 46 27
1 46 26
1 46 25
1 46 24
1 46 23
0 46 22
3 1 46
2 2 46
2 3 46
2 4 46
2 5 46
0 6 46
2 19 38
2 18 38
3 17 38
1 17 37
1 17 36
1 17 35
0 17 34
4 25 34
1 25 33
1 25 32
0 25 31
2 9 1
2 8 1
2 7 1
2 6 1
2 5 1
0 4 1
5 20 29
2 19 29
2 18 29
2 17 29
2 16 29
3 15 29
0 15 28
6 9 41
2 10 41
2 11 41
4 12 41
0 12 40
5 44 7
1 44 8
1 44 9
3 44 10
2 45 10
2 46 10
0 47 10
2 11 1
2 12 1
2 13 1
2 14 1
2 15 1
2 16 1
2 17 1
2 18 1
0 19 1
4 12 13
6 11 13
1 11 14
1 11 15
1 11 16
0 11 17
5 20 46
2 19 46
2 18 46
3 17 46
0 17 45
4 47 11
2 46 11
2 45 11
6 44 11
1 44 12
1 44 13
0 44 14
4 28 39
2 27 39
6 26 39
1 26 40
1 26 41
0 26 42
2 16 34
2 15 34
2 14 34
3 13 34
1 13 33
0 13 32
2 25 24
2 24 24
2 23 24
0 22 24
2 10 17
3 9 17
1 9 16
1 9 15
1 9 14
0 9 13
2 4 39
4 5 39
1 5 38
1 5 37
1 5 36
0 5 35
2 21 47
2 22 47
2 23 47
2 24 47
4 25 47
0 25 46
1 4 2
3 4 3
0 5 3
-1
-1
-1
-1
-1
-1
-1
-1
-1
-1
-1
-1
-1
-1
-1
-1
-1
-1
-1
-1
-1
-1
-1
-1
-1
-1
-1
-1
-1
-1
-1
-1
-1
-1
-1
-1
-1
