0 8 8
1 8 9
1 8 10
1 8 11
1 8 12
1 8 13
1 8 14
1 8 15
1 8 16
1 8 17
1 8 18
1 8 19
1 8 20
1 8 21
1 8 22
1 8 23
1 8 24
1 8 25
1 8 26
1 8 27
1 8 28
1 8 29
1 8 30
1 8 31
1 8 32
1 8 33
1 8 34
3 8 35
2 9 35
2 10 35
2 11 35
2 12 35
2 13 35
2 14 35
2 15 35
2 16 35
2 17 35
2 18 35
2 19 35
2 20 35
2 21 35
2 22 35
2 23 35
2 24 35
0 25 35
2 9 8
2 10 8
2 11 8
2 12 8
2 13 8
2 14 8
2 15 8
2 16 8
2 17 8
2 18 8
2 19 8
2 20 8
2 21 8
2 22 8
2 23 8
2 24 8
2 25 8
2 26 8
2 27 8
2 28 8
2 29 8
2 30 8
2 31 8
2 32 8
2 33 8
2 34 8
2 35 8
2 36 8
2 37 8
2 38 8
2 39 8
2 40 8
2 41 8
2 42 8
4 43 8
1 43 7
1 43 6
1 43 5
1 43 4
1 43 3
1 43 2
-1
-1
-1
-1
-1
-1
-1
-1
-1
-1
-1
-1
-1
-1
-1
-1
-1
-1
-1
-1
-1
-1
-1
-1
-1
-1
-1
-1
-1
-1
-1
-1
-1
-1
-1
-1
-1
-1
-1
-1
-1
-1
-1
-1
-1
-1
-1
-1
-1
-1
-1
-1
0 43 1
2 7 8
2 6 8
2 5 8
2 4 8
2 3 8
2 2 8
3 1 8
1 1 7
1 1 6
1 1 5
-1
-1
-1
-1
-1
-1
-1
-1
-1
-1
-1
-1
-1
-1
-1
-1
-1
-1
-1
-1
-1
-1
-1
-1
-1
-1
-1
-1
-1
-1
-1
-1
-1
0 1 4
6 0 4
1 0 5
1 0 6
1 0 7
1 0 8
1 0 9
1 0 10
3 0 11
2 1 11
2 2 11
2 3 11
-1
-1
-1
-1
-1
-1
-1
-1
-1
-1
-1
-1
-1
-1
-1
-1
-1
-1
-1
-1
0 4 11
5 25 34
2 24 34
2 23 34
2 22 34
2 21 34
2 20 34
2 19 34
2 18 34
2 17 34
2 16 34
2 15 34
2 14 34
2 13 34
2 12 34
2 11 34
3 10 34
1 10 33
1 10 32
1 10 31
1 10 30
1 10 29
1 10 28
1 10 27
1 10 26
1 10 25
1 10 24
1 10 23
1 10 22
1 10 21
1 10 20
-1
-1
-1
-1
0 10 19
4 25 36
2 24 36
2 23 36
2 22 36
2 21 36
2 20 36
6 19 36
1 19 37
1 19 38
1 19 39
1 19 40
1 19 41
-1
-1
-1
-1
-1
-1
-1
-1
-1
-1
-1
0 19 42
1 4 12
1 4 13
1 4 14
1 4 15
1 4 16
1 4 17
1 4 18
3 4 19
-1
-1
-1
-1
-1
-1
-1
-1
-1
-1
-1
0 5 19
2 26 35
2 27 35
2 28 35
2 29 35
4 30 35
1 30 34
1 30 33
1 30 32
1 30 31
1 30 30
1 30 29
1 30 28
1 30 27
1 30 26
1 30 25
1 30 24
-1
-1
-1
0 30 23
2 29 23
2 28 23
3 27 23
1 27 22
1 27 21
1 27 20
1 27 19
-1
-1
-1
-1
-1
-1
-1
0 27 18
2 31 23
2 32 23
2 33 23
2 34 23
2 35 23
2 36 23
2 37 23
4 38 23
1 38 22
1 38 21
1 38 20
-1
-1
-1
-1
0 38 19
2 20 42
2 21 42
2 22 42
4 23 42
1 23 41
-1
-1
-1
-1
-1
-1
-1
0 23 40
1 5 20
1 5 21
1 5 22
1 5 23
1 5 24
1 5 25
1 5 26
1 5 27
1 5 28
1 5 29
3 5 30
-1
-1
0 6 30
2 37 19
2 36 19
3 35 19
1 35 18
1 35 17
1 35 16
1 35 15
1 35 14
1 35 13
1 35 12
1 35 11
1 35 10
0 35 9
2 26 18
2 25 18
2 24 18
6 23 18
1 23 19
1 23 20
1 23 21
1 23 22
1 23 23
1 23 24
1 23 25
1 23 26
1 23 27
1 23 28
1 23 29
0 23 30
2 24 40
2 25 40
2 26 40
0 27 40
5 6 19
1 6 20
1 6 21
-1
-1
-1
-1
0 6 22
2 28 40
2 29 40
-1
-1
-1
-1
-1
0 30 40
1 30 41
1 30 42
1 30 43
1 30 44
1 30 45
3 30 46
2 31 46
2 32 46
2 33 46
2 34 46
0 35 46
1 19 43
1 19 44
1 19 45
3 19 46
2 20 46
2 21 46
2 22 46
0 23 46
5 11 19
1 11 20
1 11 21
3 11 22
2 12 22
2 13 22
2 14 22
2 15 22
2 16 22
0 17 22
2 31 40
2 32 40
2 33 40
2 34 40
4 35 40
1 35 39
1 35 38
1 35 37
1 35 36
1 35 35
1 35 34
0 35 33
4 6 31
2 5 31
2 4 31
3 3 31
1 3 30
1 3 29
1 3 28
1 3 27
1 3 26
0 3 25
5 27 17
2 26 17
2 25 17
2 24 17
3 23 17
1 23 16
1 23 15
0 23 14
6 9 19
1 9 20
1 9 21
1 9 22
1 9 23
1 9 24
1 9 25
0 9 26
1 35 47
3 35 48
2 36 48
2 37 48
2 38 48
2 39 48
2 40 48
2 41 48
2 42 48
2 43 48
2 44 48
2 45 48
0 46 48
1 35 45
1 35 44
1 35 43
1 35 42
0 35 41
2 39 19
2 40 19
2 41 19
2 42 19
2 43 19
2 44 19
4 45 19
1 45 18
1 45 17
0 45 16
2 42 1
2 41 1
2 40 1
2 39 1
2 38 1
2 37 1
2 36 1
2 35 1
2 34 1
2 33 1
2 32 1
2 31 1
2 30 1
2 29 1
2 28 1
2 27 1
2 26 1
2 25 1
2 24 1
3 23 1
0 23 0
1 23 31
3 23 32
2 24 32
0 25 32
2 28 18
2 29 18
2 30 18
2 31 18
0 32 18
1 30 39
1 30 38
1 30 37
0 30 36
2 2 25
6 1 25
1 1 26
1 1 27
1 1 28
1 1 29
0 1 30
1 35 32
1 35 31
1 35 30
1 35 29
1 35 28
1 35 27
0 35 26
0 3 24
2 22 30
2 21 30
2 20 30
2 19 30
6 18 30
1 18 31
0 18 32
1 23 13
1 23 12
1 23 11
1 23 10
0 23 9
6 8 7
2 9 7
4 10 7
1 10 6
1 10 5
0 10 4
5 32 17
3 31 17
1 31 16
1 31 15
0 31 14
1 1 31
1 1 32
1 1 33
1 1 34
3 1 35
2 2 35
2 3 35
0 4 35
6 22 0
1 22 1
1 22 2
1 22 3
1 22 4
1 22 5
3 22 6
2 23 6
2 24 6
2 25 6
2 26 6
2 27 6
2 28 6
2 29 6
0 30 6
2 18 42
2 17 42
2 16 42
2 15 42
2 14 42
2 13 42
2 12 42
2 11 42
6 10 42
0 10 43
5 36 26
3 36 27
2 37 27
2 38 27
2 39 27
0 40 27
5 46 16
1 46 17
1 46 18
1 46 19
1 46 20
1 46 21
1 46 22
1 46 23
3 46 24
0 47 24
2 2 24
3 1 24
1 1 23
1 1 22
1 1 21
1 1 20
0 1 19
1 40 28
1 40 29
1 40 30
0 40 31
1 27 41
1 27 42
1 27 43
1 27 44
3 27 45
2 28 45
0 29 45
2 24 30
4 25 30
1 25 29
0 25 28
1 4 36
3 4 37
2 5 37
2 6 37
2 7 37
2 8 37
2 9 37
0 10 37
6 10 18
2 11 18
2 12 18
2 13 18
2 14 18
4 15 18
0 15 17
2 9 43
2 8 43
2 7 43
2 6 43
6 5 43
1 5 44
1 5 45
1 5 46
1 5 47
1 5 48
0 5 49
3 40 32
2 41 32
2 42 32
2 43 32
2 44 32
0 45 32
4 10 38
2 9 38
2 8 38
6 7 38
1 7 39
0 7 40
5 36 9
1 36 10
1 36 11
1 36 12
3 36 13
0 37 13
1 17 23
3 17 24
2 18 24
2 19 24
2 20 24
2 21 24
0 22 24
4 26 28
1 26 27
1 26 26
1 26 25
1 26 24
1 26 23
1 26 22
1 26 21
0 26 20
2 16 17
4 17 17
1 17 16
1 17 15
0 17 14
4 45 33
2 44 33
6 43 33
1 43 34
1 43 35
1 43 36
1 43 37
0 43 38
-1
-1
-1
-1
-1
-1
-1
-1
-1
-1
-1
-1
-1
-1
-1
-1
-1
-1
-1
-1
-1
-1
-1
-1
-1
-1
-1
-1
-1
-1
-1
-1
-1
-1
-1
-1
-1
-1
-1
-1
-1
-1
-1
-1
-1
-1
-1
-1
-1
-1
-1
-1
-1
-1
-1
-1
-1
-1
-1
-1
-1
-1
-1
-1
-1
-1
-1
-1
