0 14 36
1 14 37
1 14 38
1 14 39
1 14 40
1 14 41
1 14 42
1 14 43
3 14 44
2 15 44
0 16 44
2 15 36
2 16 36
2 17 36
-1
-1
-1
-1
-1
-1
2 18 36
-1
-1
-1
-1
-1
-1
2 19 36
-1
-1
-1
-1
-1
-1
2 20 36
-1
-1
-1
-1
-1
-1
-1
2 21 36
-1
-1
-1
-1
-1
-1
2 22 36
-1
-1
-1
-1
-1
-1
2 23 36
-1
-1
-1
-1
-1
-1
2 24 36
-1
-1
-1
-1
-1
-1
2 25 36
-1
-1
-1
-1
-1
-1
2 26 36
-1
-1
-1
-1
-1
-1
2 27 36
-1
-1
-1
-1
-1
-1
-1
4 28 36
-1
-1
-1
-1
-1
-1
1 28 35
-1
-1
-1
-1
-1
-1
1 28 34
-1
-1
-1
-1
-1
-1
1 28 33
-1
-1
-1
-1
-1
-1
1 28 32
-1
-1
-1
-1
-1
-1
1 28 31
-1
-1
-1
-1
-1
-1
1 28 30
-1
-1
-1
-1
-1
-1
-1
1 28 29
-1
-1
-1
-1
-1
-1
1 28 28
-1
-1
-1
-1
-1
-1
1 28 27
-1
-1
-1
-1
-1
-1
1 28 26
-1
-1
-1
-1
-1
-1
1 28 25
-1
-1
-1
-1
-1
-1
1 28 24
-1
-1
-1
-1
-1
-1
1 28 23
-1
-1
-1
-1
-1
-1
-1
1 28 22
-1
-1
-1
-1
-1
-1
1 28 21
-1
-1
-1
-1
-1
-1
1 28 20
-1
-1
-1
-1
-1
-1
1 28 19
-1
-1
-1
-1
-1
-1
1 28 18
-1
-1
-1
-1
-1
-1
1 28 17
-1
-1
-1
-1
-1
-1
1 28 16
-1
-1
-1
-1
-1
-1
-1
1 28 15
-1
-1
-1
-1
-1
-1
1 28 14
-1
-1
-1
-1
-1
-1
1 28 13
-1
-1
-1
-1
-1
-1
1 28 12
-1
-1
-1
-1
-1
-1
1 28 11
-1
-1
-1
-1
-1
-1
1 28 10
-1
-1
-1
-1
-1
-1
1 28 9
-1
-1
-1
-1
-1
-1
-1
-1
-1
-1
-1
-1
-1
-1
-1
-1
-1
-1
-1
-1
-1
-1
-1
-1
-1
-1
-1
-1
-1
-1
-1
-1
-1
-1
-1
-1
-1
-1
-1
-1
-1
-1
-1
-1
-1
-1
-1
-1
-1
-1
-1
-1
-1
-1
-1
-1
-1
-1
-1
-1
-1
-1
-1
-1
-1
-1
-1
-1
-1
-1
-1
-1
-1
-1
-1
-1
-1
-1
-1
-1
-1
-1
-1
-1
-1
-1
-1
-1
-1
-1
-1
-1
-1
-1
-1
-1
-1
-1
-1
-1
-1
-1
-1
-1
-1
-1
-1
-1
-1
-1
-1
-1
-1
-1
-1
-1
-1
-1
-1
-1
-1
-1
-1
-1
-1
-1
-1
-1
-1
-1
-1
-1
-1
-1
-1
-1
-1
-1
-1
-1
-1
-1
-1
-1
-1
-1
-1
-1
-1
-1
-1
-1
-1
-1
-1
-1
-1
-1
-1
-1
-1
-1
-1
-1
-1
-1
-1
-1
-1
-1
-1
-1
-1
-1
-1
-1
-1
-1
-1
-1
-1
-1
-1
-1
-1
-1
-1
-1
-1
-1
-1
-1
-1
-1
-1
-1
-1
-1
-1
-1
-1
-1
-1
-1
-1
-1
-1
-1
-1
-1
-1
-1
-1
-1
-1
-1
-1
-1
-1
-1
-1
-1
-1
-1
-1
-1
-1
-1
-1
-1
-1
-1
-1
-1
-1
-1
-1
-1
-1
-1
-1
-1
-1
-1
-1
-1
-1
-1
-1
-1
-1
-1
-1
-1
-1
-1
-1
-1
-1
-1
-1
-1
-1
-1
-1
-1
-1
-1
-1
-1
-1
-1
-1
-1
-1
-1
-1
-1
-1
-1
-1
-1
-1
-1
-1
-1
-1
-1
-1
-1
-1
-1
-1
-1
-1
-1
-1
-1
-1
-1
-1
-1
-1
-1
-1
-1
-1
-1
-1
-1
-1
-1
-1
-1
-1
-1
-1
-1
-1
-1
-1
-1
-1
-1
-1
-1
-1
-1
-1
-1
-1
-1
-1
-1
-1
-1
-1
-1
-1
-1
-1
-1
-1
-1
-1
-1
-1
-1
-1
-1
-1
-1
-1
-1
-1
-1
-1
0 28 8
-1
-1
-1
-1
-1
-1
-1
-1
-1
-1
-1
-1
-1
-1
-1
-1
-1
-1
-1
-1
-1
-1
-1
-1
-1
-1
-1
-1
-1
-1
-1
-1
-1
-1
-1
-1
-1
-1
-1
-1
-1
-1
-1
-1
-1
-1
-1
-1
-1
-1
-1
-1
-1
-1
-1
-1
-1
1 8 42
1 8 43
1 8 44
3 8 45
2 9 45
2 10 45
2 11 45
2 12 45
2 13 45
2 14 45
2 15 45
2 16 45
2 17 45
2 18 45
2 19 45
2 20 45
2 21 45
2 22 45
2 23 45
2 24 45
2 25 45
2 26 45
2 27 45
2 28 45
2 29 45
2 30 45
2 31 45
2 32 45
2 33 45
2 34 45
2 35 45
2 36 45
4 37 45
1 37 44
1 37 43
1 37 42
1 37 41
1 37 40
1 37 39
1 37 38
1 37 37
1 37 36
1 37 35
1 37 34
1 37 33
1 37 32
1 37 31
1 37 30
1 37 29
1 37 28
1 37 27
1 37 26
1 37 25
1 37 24
-1
-1
-1
-1
-1
-1
-1
-1
-1
-1
-1
-1
-1
-1
-1
-1
-1
-1
-1
-1
-1
-1
-1
-1
-1
-1
-1
-1
-1
-1
-1
-1
-1
-1
-1
-1
-1
-1
-1
-1
-1
-1
-1
-1
-1
-1
