0 20 20
1 20 21
1 20 22
3 20 23
2 21 23
2 22 23
2 23 23
2 24 23
2 25 23
2 26 23
2 27 23
0 28 23
2 29 23
2 30 23
2 31 23
2 32 23
-1
-1
2 33 23
-1
2 34 23
-1
2 35 23
-1
-1
2 36 23
-1
2 37 23
-1
2 38 23
-1
-1
2 39 23
-1
2 40 23
-1
-1
2 41 23
-1
2 42 23
-1
2 43 23
-1
-1
2 44 23
-1
4 45 23
-1
1 45 22
-1
-1
1 45 21
-1
1 45 20
-1
-1
1 45 19
-1
1 45 18
-1
1 45 17
-1
-1
1 45 16
-1
1 45 15
-1
-1
1 45 14
-1
-1
-1
-1
-1
-1
-1
-1
-1
-1
-1
-1
-1
-1
-1
-1
-1
-1
-1
-1
-1
-1
-1
-1
-1
-1
-1
-1
-1
-1
-1
-1
-1
-1
-1
-1
-1
-1
-1
-1
-1
-1
-1
-1
-1
-1
-1
-1
-1
-1
-1
-1
-1
-1
-1
-1
-1
-1
-1
-1
-1
-1
-1
-1
-1
-1
-1
-1
-1
-1
-1
-1
-1
-1
-1
-1
-1
-1
-1
-1
-1
-1
-1
-1
-1
-1
-1
-1
-1
-1
-1
-1
-1
-1
-1
-1
-1
-1
-1
-1
-1
-1
-1
-1
-1
-1
-1
-1
-1
-1
-1
-1
-1
-1
-1
-1
-1
-1
0 45 13
2 19 20
2 18 20
2 17 20
6 16 20
1 16 21
1 16 22
1 16 23
1 16 24
1 16 25
1 16 26
1 16 27
1 16 28
1 16 29
1 16 30
1 16 31
1 16 32
1 16 33
1 16 34
1 16 35
1 16 36
1 16 37
1 16 38
1 16 39
1 16 40
1 16 41
1 16 42
1 16 43
-1
-1
-1
-1
-1
-1
-1
-1
-1
-1
-1
-1
-1
-1
-1
-1
-1
-1
-1
-1
-1
-1
-1
-1
-1
-1
-1
-1
-1
-1
-1
-1
-1
-1
-1
-1
-1
-1
-1
-1
-1
-1
0 16 44
4 28 24
2 27 24
2 26 24
2 25 24
2 24 24
2 23 24
2 22 24
2 21 24
2 20 24
-1
-1
-1
-1
-1
-1
-1
-1
-1
-1
-1
-1
-1
-1
-1
-1
-1
-1
-1
-1
-1
0 19 24
2 15 44
2 14 44
2 13 44
2 12 44
2 11 44
2 10 44
2 9 44
2 8 44
2 7 44
2 6 44
3 5 44
1 5 43
1 5 42
-1
-1
-1
-1
-1
-1
-1
-1
-1
-1
0 5 41
2 17 44
2 18 44
2 19 44
4 20 44
1 20 43
1 20 42
1 20 41
1 20 40
1 20 39
-1
-1
-1
-1
-1
-1
0 20 38
2 44 13
3 43 13
-1
-1
-1
-1
-1
-1
-1
-1
0 43 12
6 28 22
2 29 22
2 30 22
2 31 22
2 32 22
-1
-1
-1
0 33 22
1 19 25
1 19 26
1 19 27
3 19 28
2 20 28
2 21 28
2 22 28
2 23 28
2 24 28
0 25 28
1 43 11
1 43 10
1 43 9
0 43 8
2 18 24
3 17 24
1 17 23
-1
-1
0 17 22
2 21 38
2 22 38
2 23 38
4 24 38
1 24 37
1 24 36
0 24 35
2 42 8
2 41 8
2 40 8
2 39 8
2 38 8
2 37 8
2 36 8
2 35 8
2 34 8
2 33 8
2 32 8
2 31 8
2 30 8
2 29 8
2 28 8
3 27 8
1 27 7
0 27 6
5 43 7
2 42 7
2 41 7
2 40 7
2 39 7
0 38 7
2 26 28
2 27 28
2 28 28
2 29 28
2 30 28
2 31 28
2 32 28
2 33 28
2 34 28
2 35 28
2 36 28
2 37 28
4 38 28
0 38 27
5 33 21
3 32 21
1 32 20
0 32 19
5 20 19
2 19 19
2 18 19
3 17 19
1 17 18
1 17 17
1 17 16
0 17 15
1 25 29
1 25 30
3 25 31
2 26 31
0 27 31
3 16 45
2 17 45
2 18 45
2 19 45
2 20 45
2 21 45
0 22 45
2 6 41
2 7 41
4 8 41
1 8 40
1 8 39
1 8 38
1 8 37
0 8 36
2 31 19
3 30 19
1 30 18
1 30 17
1 30 16
1 30 15
0 30 14
5 9 36
1 9 37
1 9 38
1 9 39
1 9 40
3 9 41
2 10 41
2 11 41
0 12 41
2 7 36
3 6 36
1 6 35
1 6 34
1 6 33
1 6 32
1 6 31
1 6 30
0 6 29
2 29 14
6 28 14
1 28 15
1 28 16
1 28 17
1 28 18
0 28 19
2 27 19
2 26 19
6 25 19
0 25 20
2 19 38
2 18 38
3 17 38
1 17 37
1 17 36
1 17 35
1 17 34
1 17 33
1 17 32
1 17 31
1 17 30
1 17 29
0 17 28
2 16 15
2 15 15
2 14 15
2 13 15
2 12 15
2 11 15
0 10 15
2 23 45
2 24 45
2 25 45
2 26 45
4 27 45
1 27 44
0 27 43
2 42 12
0 41 12
5 21 20
0 21 21
5 39 27
1 39 28
1 39 29
3 39 30
2 40 30
0 41 30
5 17 14
3 16 14
1 16 13
1 16 12
1 16 11
1 16 10
1 16 9
0 16 8
2 26 6
2 25 6
6 24 6
1 24 7
0 24 8
2 42 30
2 43 30
2 44 30
2 45 30
4 46 30
1 46 29
1 46 28
0 46 27
3 24 20
1 24 19
1 24 18
1 24 17
0 24 16
-1
-1
-1
-1
-1
-1
-1
-1
-1
-1
-1
-1
-1
-1
-1
-1
-1
-1
-1
-1
-1
-1
-1
-1
-1
-1
-1
-1
-1
-1
-1
-1
-1
-1
-1
-1
-1
-1
-1
-1
-1
-1
-1
-1
-1
-1
-1
-1
-1
-1
-1
-1
-1
-1
-1
-1
-1
-1
-1
-1
-1
-1
-1
-1
-1
-1
-1
-1
-1
-1
-1
-1
-1
-1
-1
-1
-1
-1
-1
-1
-1
-1
-1
-1
-1
-1
-1
-1
-1
-1
-1
-1
-1
-1
-1
-1
-1
-1
-1
-1
-1
-1
-1
-1
-1
-1
-1
-1
-1
-1
-1
-1
-1
-1
-1
-1
-1
-1
-1
-1
-1
-1
-1
-1
-1
-1
-1
-1
-1
-1
-1
-1
-1
-1
-1
-1
-1
-1
-1
-1
-1
-1
-1
-1
-1
-1
-1
-1
-1
-1
-1
-1
-1
-1
-1
-1
-1
-1
-1
-1
-1
-1
-1
-1
-1
-1
-1
-1
-1
-1
-1
-1
-1
-1
-1
-1
-1
-1
-1
-1
-1
-1
-1
-1
-1
-1
-1
-1
-1
-1
-1
-1
-1
-1
-1
-1
-1
-1
-1
-1
-1
-1
-1
-1
-1
-1
-1
-1
-1
-1
-1
-1
-1
-1
-1
-1
-1
-1
-1
-1
-1
-1
-1
-1
-1
-1
-1
-1
-1
-1
-1
-1
-1
-1
-1
-1
-1
-1
-1
-1
-1
-1
-1
-1
-1
-1
-1
-1
-1
-1
-1
-1
-1
-1
-1
