0 5 35
2 6 35
2 7 35
2 8 35
2 9 35
2 10 35
2 11 35
2 12 35
2 13 35
2 14 35
2 15 35
2 16 35
2 17 35
2 18 35
2 19 35
2 20 35
2 21 35
2 22 35
2 23 35
2 24 35
2 25 35
2 26 35
2 27 35
2 28 35
2 29 35
2 30 35
2 31 35
2 32 35
2 33 35
2 34 35
2 35 35
2 36 35
4 37 35
1 37 34
1 37 33
1 37 32
1 37 31
1 37 30
1 37 29
1 37 28
1 37 27
1 37 26
1 37 25
1 37 24
1 37 23
1 37 22
1 37 21
1 37 20
0 37 19
3 4 35
1 4 34
1 4 33
1 4 32
1 4 31
1 4 30
1 4 29
1 4 28
1 4 27
1 4 26
1 4 25
1 4 24
1 4 23
1 4 22
1 4 21
1 4 20
1 4 19
1 4 18
1 4 17
1 4 16
1 4 15
-1
-1
-1
-1
-1
-1
-1
-1
-1
-1
-1
-1
0 4 14
5 38 19
3 38 20
2 39 20
-1
-1
-1
-1
-1
-1
-1
-1
-1
0 40 20
5 5 14
1 5 15
1 5 16
1 5 17
1 5 18
1 5 19
-1
-1
-1
0 5 20
4 40 21
2 39 21
6 38 21
1 38 22
1 38 23
1 38 24
1 38 25
1 38 26
1 38 27
1 38 28
1 38 29
1 38 30
1 38 31
1 38 32
1 38 33
1 38 34
1 38 35
1 38 36
1 38 37
1 38 38
0 38 39
5 41 20
1 41 21
1 41 22
1 41 23
1 41 24
1 41 25
1 41 26
1 41 27
1 41 28
3 41 29
2 42 29
2 43 29
2 44 29
0 45 29
2 36 19
2 35 19
2 34 19
2 33 19
2 32 19
2 31 19
2 30 19
6 29 19
1 29 20
0 29 21
1 37 18
1 37 17
1 37 16
1 37 15
1 37 14
1 37 13
1 37 12
1 37 11
1 37 10
1 37 9
1 37 8
1 37 7
1 37 6
1 37 5
1 37 4
1 37 3
0 37 2
6 3 14
1 3 15
0 3 16
1 45 30
1 45 31
1 45 32
1 45 33
1 45 34
1 45 35
3 45 36
0 46 36
1 38 40
3 38 41
2 39 41
2 40 41
2 41 41
0 42 41
2 36 2
2 35 2
2 34 2
2 33 2
2 32 2
2 31 2
2 30 2
2 29 2
2 28 2
2 27 2
2 26 2
2 25 2
6 24 2
1 24 3
1 24 4
0 24 5
1 3 17
1 3 18
1 3 19
0 3 20
1 24 6
1 24 7
1 24 8
3 24 9
2 25 9
2 26 9
2 27 9
2 28 9
2 29 9
0 30 9
1 5 36
1 5 37
1 5 38
1 5 39
3 5 40
0 6 40
1 29 22
3 29 23
2 30 23
2 31 23
0 32 23
0 5 34
5 38 2
1 38 3
1 38 4
1 38 5
1 38 6
1 38 7
1 38 8
3 38 9
2 39 9
2 40 9
2 41 9
0 42 9
1 42 10
1 42 11
1 42 12
1 42 13
3 42 14
2 43 14
2 44 14
2 45 14
0 46 14
2 6 34
2 7 34
2 8 34
2 9 34
4 10 34
0 10 33
1 46 37
1 46 38
1 46 39
0 46 40
1 30 10
3 30 11
2 31 11
2 32 11
0 33 11
6 4 13
2 5 13
5 6 13
3 6 14
2 7 14
2 8 14
2 9 14
2 10 14
0 11 14
4 43 41
1 43 40
1 43 39
0 43 38
3 2 16
1 2 15
1 2 14
6 2 13
4 3 13
6 3 12
2 4 12
4 5 12
1 5 11
1 5 10
0 5 9
2 4 9
2 3 9
3 2 9
1 2 8
1 2 7
1 2 6
1 2 5
1 2 4
1 2 3
0 2 2
2 28 21
2 27 21
3 26 21
1 26 20
1 26 19
1 26 18
1 26 17
1 26 16
1 26 15
0 26 14
6 45 40
1 45 41
1 45 42
1 45 43
1 45 44
0 45 45
1 33 12
1 33 13
3 33 14
2 34 14
0 35 14
4 39 39
1 39 38
1 39 37
1 39 36
1 39 35
1 39 34
1 39 33
0 39 32
2 3 2
2 4 2
2 5 2
2 6 2
2 7 2
2 8 2
2 9 2
4 10 2
0 10 1
2 11 33
2 12 33
2 13 33
2 14 33
2 15 33
2 16 33
4 17 33
1 17 32
1 17 31
1 17 30
1 17 29
1 17 28
1 17 27
1 17 26
0 17 25
4 6 9
1 6 8
1 6 7
1 6 6
1 6 5
0 6 4
2 44 45
2 43 45
2 42 45
0 41 45
5 18 25
1 18 26
1 18 27
1 18 28
1 18 29
1 18 30
1 18 31
1 18 32
0 18 33
1 32 24
3 32 25
2 33 25
2 34 25
0 35 25
2 37 39
2 36 39
2 35 39
2 34 39
2 33 39
2 32 39
2 31 39
2 30 39
2 29 39
2 28 39
2 27 39
2 26 39
2 25 39
3 24 39
1 24 38
0 24 37
3 5 21
2 6 21
2 7 21
2 8 21
2 9 21
0 10 21
2 25 14
2 24 14
2 23 14
2 22 14
2 21 14
2 20 14
0 19 14
2 18 14
3 17 14
1 17 13
1 17 12
1 17 11
1 17 10
1 17 9
0 17 8
2 40 32
2 41 32
2 42 32
2 43 32
0 44 32
6 17 24
2 18 24
4 19 24
1 19 23
0 19 22
-1
-1
-1
-1
-1
-1
-1
-1
-1
-1
-1
-1
-1
-1
-1
-1
-1
-1
-1
-1
-1
-1
-1
-1
-1
-1
-1
-1
-1
-1
-1
-1
-1
-1
-1
-1
-1
-1
-1
-1
-1
-1
-1
-1
-1
-1
-1
-1
-1
-1
-1
-1
-1
-1
-1
-1
-1
-1
-1
-1
-1
-1
-1
-1
-1
-1
-1
-1
-1
-1
-1
-1
-1
-1
-1
-1
-1
-1
-1
-1
-1
-1
-1
-1
-1
-1
-1
-1
-1
-1
-1
-1
-1
-1
-1
-1
-1
-1
-1
-1
-1
-1
-1
-1
-1
-1
-1
-1
-1
-1
-1
-1
-1
-1
-1
-1
-1
-1
-1
-1
-1
-1
-1
-1
-1
-1
-1
-1
-1
-1
-1
-1
-1
-1
-1
-1
-1
-1
-1
-1
-1
-1
-1
-1
-1
-1
-1
-1
-1
-1
-1
-1
-1
-1
-1
-1
-1
-1
-1
-1
-1
-1
-1
-1
-1
-1
-1
-1
-1
-1
-1
-1
-1
-1
-1
-1
-1
-1
-1
-1
-1
-1
-1
-1
-1
-1
-1
-1
-1
-1
-1
-1
-1
-1
-1
-1
-1
-1
-1
-1
-1
-1
-1
-1
-1
-1
-1
-1
-1
-1
-1
-1
-1
-1
-1
-1
-1
-1
-1
-1
-1
-1
-1
-1
-1
-1
-1
-1
-1
-1
-1
-1
-1
-1
-1
-1
-1
-1
-1
-1
-1
-1
-1
-1
-1
-1
-1
-1
-1
-1
-1
-1
-1
-1
-1
-1
-1
-1
-1
-1
-1
-1
-1
-1
-1
-1
-1
-1
-1
-1
-1
-1
-1
-1
-1
-1
-1
-1
-1
-1
-1
-1
-1
-1
-1
-1
-1
-1
-1
-1
-1
-1
-1
-1
-1
-1
-1
-1
-1
-1
-1
-1
-1
-1
-1
-1
-1
-1
-1
-1
-1
-1
-1
-1
-1
-1
-1
-1
-1
-1
-1
-1
-1
-1
-1
-1
-1
-1
-1
-1
-1
-1
-1
-1
-1
-1
-1
-1
-1
-1
-1
-1
-1
-1
-1
-1
-1
-1
-1
-1
-1
-1
-1
-1
-1
-1
-1
-1
-1
-1
-1
-1
-1
-1
-1
-1
-1
-1
-1
-1
-1
-1
-1
-1
-1
-1
-1
-1
-1
