0 3 7
1 3 8
1 3 9
1 3 10
1 3 11
1 3 12
1 3 13
1 3 14
1 3 15
1 3 16
1 3 17
1 3 18
1 3 19
1 3 20
1 3 21
1 3 22
1 3 23
1 3 24
1 3 25
1 3 26
3 3 27
2 4 27
2 5 27
2 6 27
2 7 27
2 8 27
2 9 27
2 10 27
2 11 27
2 12 27
2 13 27
2 14 27
2 15 27
2 16 27
2 17 27
2 18 27
2 19 27
2 20 27
2 21 27
2 22 27
2 23 27
2 24 27
2 25 27
2 26 27
2 27 27
2 28 27
2 29 27
2 30 27
2 31 27
2 32 27
2 33 27
2 34 27
2 35 27
2 36 27
2 37 27
2 38 27
2 39 27
2 40 27
0 41 27
4 41 28
2 40 28
2 39 28
2 38 28
2 37 28
-1
2 36 28
6 35 28
-1
1 35 29
-1
1 35 30
1 35 31
-1
1 35 32
-1
1 35 33
1 35 34
-1
1 35 35
-1
1 35 36
1 35 37
-1
1 35 38
-1
1 35 39
-1
1 35 40
1 35 41
-1
1 35 42
-1
1 35 43
1 35 44
-1
1 35 45
-1
-1
-1
-1
-1
-1
-1
-1
-1
-1
-1
-1
-1
-1
-1
-1
-1
-1
-1
-1
-1
-1
-1
-1
-1
-1
-1
-1
-1
-1
-1
-1
-1
-1
-1
-1
-1
-1
-1
-1
-1
-1
-1
-1
-1
-1
-1
-1
-1
-1
-1
-1
-1
-1
-1
-1
-1
-1
-1
-1
-1
-1
-1
-1
-1
-1
-1
-1
-1
-1
-1
-1
-1
-1
-1
-1
-1
-1
-1
-1
-1
-1
-1
-1
0 35 46
5 41 26
2 40 26
2 39 26
3 38 26
1 38 25
1 38 24
1 38 23
1 38 22
1 38 21
1 38 20
1 38 19
1 38 18
1 38 17
1 38 16
1 38 15
1 38 14
1 38 13
-1
-1
-1
-1
-1
-1
-1
-1
-1
-1
-1
-1
-1
-1
-1
-1
-1
-1
-1
-1
-1
-1
-1
-1
-1
-1
-1
-1
-1
-1
-1
-1
-1
-1
0 38 12
2 2 7
3 1 7
1 1 6
1 1 5
1 1 4
1 1 3
-1
-1
-1
-1
-1
-1
-1
-1
-1
-1
-1
-1
-1
-1
-1
-1
-1
-1
-1
-1
-1
-1
-1
-1
-1
-1
0 1 2
2 37 12
2 36 12
6 35 12
1 35 13
1 35 14
-1
-1
-1
-1
-1
-1
-1
-1
-1
-1
-1
-1
-1
-1
-1
-1
-1
-1
-1
-1
0 35 15
5 4 7
1 4 8
1 4 9
1 4 10
1 4 11
-1
-1
-1
-1
-1
-1
-1
-1
-1
-1
-1
-1
-1
-1
-1
-1
-1
-1
0 4 12
2 42 27
4 43 27
1 43 26
-1
-1
-1
-1
-1
-1
-1
-1
-1
-1
-1
-1
-1
-1
-1
-1
0 43 25
5 38 11
2 37 11
2 36 11
2 35 11
2 34 11
2 33 11
3 32 11
1 32 10
1 32 9
1 32 8
1 32 7
1 32 6
1 32 5
1 32 4
1 32 3
1 32 2
-1
-1
-1
-1
0 32 1
2 34 46
2 33 46
2 32 46
2 31 46
2 30 46
2 29 46
2 28 46
2 27 46
2 26 46
2 25 46
2 24 46
2 23 46
2 22 46
2 21 46
2 20 46
2 19 46
2 18 46
2 17 46
2 16 46
2 15 46
2 14 46
2 13 46
2 12 46
3 11 46
0 11 45
4 36 46
1 36 45
1 36 44
1 36 43
1 36 42
1 36 41
1 36 40
1 36 39
1 36 38
1 36 37
1 36 36
0 36 35
1 35 16
1 35 17
1 35 18
1 35 19
1 35 20
1 35 21
1 35 22
3 35 23
2 36 23
-1
-1
-1
0 37 23
-1
-1
-1
-1
-1
-1
-1
-1
-1
-1
-1
-1
-1
-1
-1
-1
-1
-1
-1
-1
-1
-1
-1
-1
-1
-1
-1
-1
-1
-1
-1
-1
-1
-1
-1
-1
-1
-1
-1
-1
-1
-1
-1
-1
-1
-1
-1
-1
-1
-1
-1
-1
-1
-1
-1
-1
-1
-1
-1
-1
-1
-1
-1
-1
-1
-1
-1
-1
-1
-1
-1
-1
-1
-1
-1
-1
-1
-1
-1
-1
-1
-1
-1
-1
-1
-1
-1
-1
-1
-1
-1
-1
-1
-1
-1
-1
-1
-1
-1
-1
-1
-1
-1
-1
-1
-1
-1
-1
-1
-1
-1
-1
-1
-1
-1
-1
-1
-1
-1
-1
-1
-1
-1
-1
-1
-1
-1
-1
-1
-1
-1
-1
-1
-1
-1
-1
-1
-1
-1
-1
-1
-1
-1
-1
-1
-1
-1
-1
-1
-1
-1
-1
-1
-1
-1
-1
-1
-1
-1
-1
-1
-1
-1
-1
-1
-1
-1
-1
-1
-1
-1
-1
-1
-1
-1
-1
-1
-1
-1
-1
-1
-1
-1
-1
-1
-1
-1
-1
-1
-1
-1
-1
-1
-1
-1
-1
-1
-1
-1
-1
-1
-1
-1
-1
-1
-1
-1
-1
-1
-1
-1
-1
-1
-1
-1
-1
-1
-1
-1
-1
-1
-1
-1
-1
-1
-1
-1
-1
-1
-1
-1
-1
-1
-1
-1
-1
-1
-1
-1
-1
-1
-1
-1
-1
-1
-1
-1
-1
-1
-1
-1
-1
-1
-1
-1
-1
-1
-1
-1
-1
-1
-1
-1
-1
-1
-1
-1
-1
-1
-1
-1
-1
-1
-1
-1
-1
-1
-1
-1
-1
-1
-1
-1
-1
-1
-1
-1
-1
-1
-1
-1
-1
-1
-1
-1
-1
-1
-1
-1
-1
-1
-1
-1
-1
-1
-1
-1
-1
-1
-1
-1
-1
-1
-1
-1
-1
-1
-1
-1
-1
-1
-1
-1
-1
-1
-1
-1
-1
-1
-1
-1
-1
-1
-1
-1
-1
-1
-1
-1
-1
-1
-1
-1
-1
-1
-1
-1
-1
-1
-1
-1
-1
-1
-1
-1
-1
-1
-1
-1
-1
-1
-1
-1
-1
-1
-1
-1
-1
-1
-1
-1
-1
-1
-1
-1
-1
-1
-1
-1
-1
-1
-1
-1
-1
-1
-1
-1
-1
-1
-1
-1
-1
-1
