0 9 35
2 10 35
2 11 35
2 12 35
2 13 35
2 14 35
2 15 35
2 16 35
2 17 35
2 18 35
2 19 35
2 20 35
2 21 35
2 22 35
2 23 35
2 24 35
2 25 35
2 26 35
2 27 35
2 28 35
2 29 35
2 30 35
2 31 35
2 32 35
2 33 35
2 34 35
2 35 35
2 36 35
2 37 35
2 38 35
2 39 35
2 40 35
2 41 35
2 42 35
2 43 35
2 44 35
2 45 35
2 46 35
4 47 35
1 47 34
1 47 33
1 47 32
1 47 31
1 47 30
1 47 29
1 47 28
1 47 27
1 47 26
1 47 25
1 47 24
1 47 23
1 47 22
1 47 21
1 47 20
1 47 19
1 47 18
1 47 17
1 47 16
1 47 15
1 47 14
1 47 13
1 47 12
1 47 11
1 47 10
1 47 9
1 47 8
1 47 7
1 47 6
1 47 5
1 47 4
1 47 3
0 47 2
1 9 36
1 9 37
1 9 38
3 9 39
2 10 39
2 11 39
2 12 39
2 13 39
2 14 39
-1
-1
-1
-1
-1
-1
-1
-1
-1
-1
-1
-1
-1
-1
-1
-1
-1
-1
-1
0 15 39
6 9 34
2 10 34
2 11 34
2 12 34
2 13 34
2 14 34
2 15 34
2 16 34
2 17 34
2 18 34
2 19 34
2 20 34
2 21 34
2 22 34
2 23 34
4 24 34
1 24 33
1 24 32
1 24 31
-1
-1
-1
-1
-1
-1
-1
-1
-1
-1
-1
-1
0 24 30
2 46 2
2 45 2
2 44 2
2 43 2
2 42 2
2 41 2
2 40 2
2 39 2
2 38 2
2 37 2
2 36 2
2 35 2
2 34 2
2 33 2
2 32 2
2 31 2
2 30 2
2 29 2
2 28 2
2 27 2
2 26 2
2 25 2
2 24 2
2 23 2
2 22 2
2 21 2
2 20 2
0 19 2
2 8 35
2 7 35
2 6 35
2 5 35
2 4 35
2 3 35
3 2 35
1 2 34
1 2 33
1 2 32
1 2 31
1 2 30
1 2 29
1 2 28
1 2 27
1 2 26
1 2 25
1 2 24
1 2 23
1 2 22
1 2 21
0 2 20
2 3 20
2 4 20
2 5 20
-1
-1
-1
0 6 20
4 15 40
2 14 40
2 13 40
2 12 40
2 11 40
6 10 40
1 10 41
-1
-1
0 10 42
5 16 39
3 16 40
2 17 40
2 18 40
2 19 40
2 20 40
2 21 40
2 22 40
2 23 40
2 24 40
2 25 40
2 26 40
2 27 40
2 28 40
2 29 40
2 30 40
2 31 40
2 32 40
0 33 40
5 33 39
2 32 39
2 31 39
2 30 39
2 29 39
2 28 39
2 27 39
2 26 39
0 25 39
1 6 21
1 6 22
1 6 23
1 6 24
1 6 25
1 6 26
1 6 27
3 6 28
2 7 28
0 8 28
1 24 29
1 24 28
1 24 27
1 24 26
1 24 25
1 24 24
1 24 23
1 24 22
1 24 21
1 24 20
1 24 19
1 24 18
1 24 17
1 24 16
0 24 15
4 8 29
2 7 29
2 6 29
2 5 29
2 4 29
3 3 29
1 3 28
0 3 27
2 34 40
2 35 40
2 36 40
2 37 40
2 38 40
0 39 40
2 23 15
2 22 15
2 21 15
2 20 15
2 19 15
2 18 15
2 17 15
2 16 15
6 15 15
0 15 16
2 18 2
6 17 2
1 17 3
1 17 4
0 17 5
2 23 30
2 22 30
3 21 30
1 21 29
1 21 28
1 21 27
1 21 26
1 21 25
1 21 24
1 21 23
0 21 22
6 2 19
2 3 19
4 4 19
1 4 18
0 4 17
2 11 42
2 12 42
2 13 42
2 14 42
2 15 42
2 16 42
2 17 42
2 18 42
4 19 42
0 19 41
2 25 15
2 26 15
2 27 15
2 28 15
2 29 15
2 30 15
2 31 15
2 32 15
2 33 15
2 34 15
2 35 15
2 36 15
2 37 15
2 38 15
0 39 15
2 9 28
2 10 28
2 11 28
4 12 28
1 12 27
1 12 26
0 12 25
1 10 43
1 10 44
1 10 45
1 10 46
3 10 47
2 11 47
0 12 47
4 4 27
1 4 26
1 4 25
0 4 24
2 25 30
2 26 30
4 27 30
0 27 29
2 9 42
2 8 42
2 7 42
2 6 42
2 5 42
3 4 42
1 4 41
1 4 40
1 4 39
1 4 38
1 4 37
0 4 36
6 20 22
1 20 23
1 20 24
1 20 25
1 20 26
1 20 27
1 20 28
0 20 29
5 20 41
1 20 42
1 20 43
3 20 44
2 21 44
2 22 44
2 23 44
2 24 44
0 25 44
2 28 29
2 29 29
2 30 29
2 31 29
4 32 29
1 32 28
1 32 27
1 32 26
0 32 25
6 19 1
2 20 1
2 21 1
2 22 1
2 23 1
0 24 1
2 3 36
6 2 36
1 2 37
1 2 38
1 2 39
1 2 40
1 2 41
1 2 42
1 2 43
1 2 44
0 2 45
-1
-1
-1
-1
-1
-1
-1
-1
-1
-1
-1
-1
-1
-1
-1
-1
-1
-1
-1
-1
-1
-1
-1
-1
-1
-1
-1
-1
-1
-1
-1
-1
-1
-1
-1
-1
-1
-1
-1
-1
-1
-1
-1
-1
-1
-1
-1
-1
-1
-1
-1
-1
-1
-1
-1
-1
-1
-1
-1
-1
-1
-1
-1
-1
-1
-1
-1
-1
-1
-1
-1
-1
-1
-1
-1
-1
-1
-1
-1
-1
-1
-1
-1
-1
-1
-1
-1
-1
-1
-1
-1
-1
-1
-1
-1
-1
-1
-1
-1
-1
-1
-1
-1
-1
-1
-1
-1
-1
-1
-1
-1
-1
-1
-1
-1
-1
-1
-1
-1
-1
-1
-1
-1
-1
-1
-1
-1
-1
-1
-1
-1
-1
-1
-1
-1
-1
-1
-1
-1
-1
-1
-1
-1
-1
-1
-1
-1
-1
-1
-1
-1
-1
-1
-1
-1
-1
-1
-1
-1
-1
-1
-1
-1
-1
-1
-1
-1
-1
-1
-1
-1
-1
-1
-1
-1
-1
-1
-1
-1
-1
-1
-1
-1
-1
-1
-1
-1
-1
-1
-1
-1
-1
-1
-1
-1
-1
-1
-1
-1
-1
-1
-1
-1
-1
-1
-1
-1
-1
-1
-1
-1
-1
-1
-1
-1
-1
-1
-1
-1
-1
-1
-1
-1
-1
-1
-1
-1
-1
-1
-1
-1
-1
-1
-1
-1
-1
-1
-1
-1
-1
-1
-1
-1
-1
-1
-1
-1
-1
-1
-1
-1
-1
-1
-1
-1
-1
-1
-1
-1
-1
-1
-1
-1
-1
-1
-1
-1
-1
-1
-1
-1
-1
-1
-1
-1
-1
-1
-1
-1
-1
-1
-1
-1
-1
-1
-1
-1
-1
-1
-1
-1
-1
-1
-1
-1
-1
-1
-1
-1
-1
-1
-1
-1
-1
-1
-1
-1
-1
-1
-1
-1
-1
-1
-1
-1
-1
-1
-1
-1
-1
-1
-1
-1
-1
-1
-1
-1
-1
-1
-1
-1
-1
-1
-1
-1
-1
-1
-1
-1
-1
-1
-1
-1
-1
-1
-1
-1
-1
-1
-1
-1
-1
-1
-1
-1
-1
-1
-1
-1
-1
-1
-1
-1
-1
-1
-1
-1
-1
-1
-1
-1
-1
-1
-1
-1
-1
-1
-1
-1
-1
-1
-1
-1
-1
-1
-1
-1
-1
-1
-1
-1
-1
-1
-1
-1
-1
-1
-1
-1
-1
