0 9 42
2 10 42
2 11 42
2 12 42
2 13 42
2 14 42
2 15 42
2 16 42
2 17 42
2 18 42
2 19 42
2 20 42
2 21 42
2 22 42
2 23 42
4 24 42
1 24 41
1 24 40
1 24 39
1 24 38
1 24 37
1 24 36
1 24 35
1 24 34
1 24 33
1 24 32
1 24 31
1 24 30
1 24 29
1 24 28
1 24 27
1 24 26
1 24 25
1 24 24
1 24 23
1 24 22
1 24 21
1 24 20
1 24 19
1 24 18
1 24 17
1 24 16
1 24 15
1 24 14
1 24 13
1 24 12
1 24 11
1 24 10
1 24 9
1 24 8
1 24 7
0 24 6
1 9 43
1 9 44
1 9 45
3 9 46
2 10 46
2 11 46
2 12 46
2 13 46
-1
-1
-1
-1
-1
-1
-1
-1
-1
-1
-1
-1
-1
-1
-1
-1
-1
-1
-1
-1
-1
-1
-1
-1
-1
-1
-1
-1
-1
-1
-1
-1
-1
-1
-1
-1
0 14 46
5 25 6
1 25 7
1 25 8
1 25 9
1 25 10
1 25 11
1 25 12
1 25 13
3 25 14
2 26 14
2 27 14
2 28 14
2 29 14
2 30 14
2 31 14
2 32 14
2 33 14
2 34 14
2 35 14
2 36 14
2 37 14
2 38 14
2 39 14
2 40 14
2 41 14
2 42 14
-1
-1
-1
-1
-1
-1
-1
-1
-1
-1
-1
-1
-1
-1
-1
-1
-1
-1
-1
-1
-1
-1
-1
-1
0 43 14
4 43 15
2 42 15
2 41 15
2 40 15
2 39 15
6 38 15
1 38 16
1 38 17
1 38 18
1 38 19
1 38 20
1 38 21
1 38 22
-1
-1
-1
-1
-1
-1
-1
-1
-1
-1
-1
-1
-1
-1
-1
-1
0 38 23
1 9 41
1 9 40
1 9 39
1 9 38
1 9 37
-1
-1
-1
-1
-1
-1
-1
-1
-1
-1
-1
-1
-1
-1
-1
-1
0 9 36
2 15 46
2 16 46
2 17 46
2 18 46
2 19 46
2 20 46
2 21 46
2 22 46
2 23 46
2 24 46
2 25 46
2 26 46
4 27 46
1 27 45
1 27 44
1 27 43
1 27 42
1 27 41
1 27 40
1 27 39
1 27 38
-1
-1
0 27 37
2 23 6
2 22 6
2 21 6
2 20 6
2 19 6
2 18 6
2 17 6
2 16 6
3 15 6
-1
-1
-1
-1
-1
-1
-1
0 15 5
5 28 37
1 28 38
1 28 39
1 28 40
3 28 41
2 29 41
2 30 41
2 31 41
2 32 41
2 33 41
2 34 41
2 35 41
2 36 41
2 37 41
-1
0 38 41
6 24 5
2 25 5
5 26 5
3 26 6
2 27 6
2 28 6
2 29 6
2 30 6
-1
-1
-1
-1
0 31 6
2 37 23
6 36 23
1 36 24
1 36 25
1 36 26
1 36 27
1 36 28
-1
-1
-1
0 36 29
2 8 36
2 7 36
2 6 36
2 5 36
3 4 36
1 4 35
1 4 34
1 4 33
1 4 32
1 4 31
1 4 30
1 4 29
1 4 28
1 4 27
1 4 26
1 4 25
1 4 24
1 4 23
1 4 22
1 4 21
0 4 20
5 5 20
1 5 21
1 5 22
1 5 23
1 5 24
3 5 25
2 6 25
2 7 25
2 8 25
2 9 25
2 10 25
2 11 25
2 12 25
2 13 25
2 14 25
2 15 25
2 16 25
2 17 25
2 18 25
2 19 25
0 20 25
6 14 5
1 14 6
1 14 7
1 14 8
3 14 9
0 15 9
2 35 29
2 34 29
6 33 29
1 33 30
0 33 31
6 3 20
1 3 21
1 3 22
1 3 23
1 3 24
1 3 25
1 3 26
1 3 27
1 3 28
1 3 29
1 3 30
1 3 31
0 3 32
1 38 24
1 38 25
3 38 26
2 39 26
2 40 26
2 41 26
2 42 26
2 43 26
0 44 26
5 9 35
2 8 35
2 7 35
0 6 35
2 16 5
2 17 5
2 18 5
2 19 5
2 20 5
2 21 5
2 22 5
4 23 5
0 23 4
5 31 5
2 30 5
2 29 5
3 28 5
1 28 4
1 28 3
1 28 2
0 28 1
5 10 36
1 10 37
1 10 38
1 10 39
3 10 40
2 11 40
2 12 40
2 13 40
2 14 40
2 15 40
2 16 40
2 17 40
2 18 40
2 19 40
2 20 40
2 21 40
2 22 40
0 23 40
5 20 24
2 19 24
2 18 24
2 17 24
2 16 24
3 15 24
1 15 23
1 15 22
1 15 21
0 15 20
4 38 42
2 37 42
2 36 42
2 35 42
0 34 42
2 32 31
2 31 31
2 30 31
2 29 31
3 28 31
1 28 30
1 28 29
1 28 28
1 28 27
0 28 26
6 6 34
2 7 34
4 8 34
1 8 33
1 8 32
1 8 31
1 8 30
1 8 29
1 8 28
0 8 27
2 14 20
2 13 20
6 12 20
1 12 21
1 12 22
0 12 23
2 29 1
2 30 1
2 31 1
2 32 1
2 33 1
2 34 1
2 35 1
2 36 1
2 37 1
2 38 1
2 39 1
0 40 1
5 4 19
2 3 19
2 2 19
3 1 19
1 1 18
1 1 17
1 1 16
1 1 15
1 1 14
1 1 13
1 1 12
0 1 11
5 15 4
2 14 4
2 13 4
2 12 4
2 11 4
2 10 4
2 9 4
6 8 4
0 8 5
2 2 32
3 1 32
1 1 31
1 1 30
1 1 29
1 1 28
1 1 27
1 1 26
1 1 25
1 1 24
0 1 23
1 23 3
0 23 2
2 22 2
2 21 2
2 20 2
2 19 2
2 18 2
2 17 2
2 16 2
3 15 2
1 15 1
0 15 0
-1
-1
-1
-1
-1
-1
-1
-1
-1
-1
-1
-1
-1
-1
-1
-1
-1
-1
-1
-1
-1
-1
-1
-1
-1
-1
-1
-1
-1
-1
-1
-1
-1
-1
-1
-1
-1
-1
-1
-1
-1
-1
-1
-1
-1
-1
-1
-1
-1
-1
-1
-1
-1
-1
-1
-1
-1
-1
-1
-1
-1
-1
-1
-1
-1
-1
-1
-1
-1
-1
-1
-1
-1
-1
-1
-1
-1
-1
-1
-1
-1
-1
-1
-1
-1
-1
-1
-1
-1
-1
-1
-1
-1
-1
-1
-1
-1
-1
-1
-1
-1
-1
-1
-1
-1
-1
-1
-1
-1
-1
-1
-1
-1
-1
-1
-1
-1
-1
-1
-1
-1
-1
-1
-1
-1
-1
-1
-1
-1
-1
-1
-1
-1
-1
-1
-1
-1
-1
-1
-1
-1
-1
-1
-1
-1
-1
-1
-1
-1
-1
-1
-1
-1
-1
-1
-1
-1
-1
-1
-1
-1
-1
-1
-1
-1
-1
-1
-1
-1
-1
-1
-1
-1
-1
-1
-1
-1
-1
-1
-1
-1
-1
-1
-1
-1
-1
-1
-1
-1
-1
-1
-1
-1
-1
-1
-1
-1
-1
-1
-1
-1
-1
-1
-1
-1
-1
-1
-1
-1
-1
-1
-1
-1
-1
-1
-1
-1
-1
-1
-1
-1
-1
-1
-1
-1
-1
-1
-1
-1
-1
-1
-1
-1
-1
-1
-1
-1
-1
-1
-1
-1
-1
-1
-1
-1
-1
-1
-1
-1
-1
-1
-1
-1
-1
-1
-1
-1
-1
-1
-1
-1
-1
-1
-1
-1
-1
-1
-1
-1
-1
-1
-1
-1
-1
-1
-1
-1
-1
-1
-1
-1
-1
-1
-1
-1
-1
-1
-1
-1
-1
-1
-1
-1
-1
-1
-1
-1
-1
-1
-1
-1
-1
-1
-1
-1
-1
-1
-1
