0 6 17
1 6 18
1 6 19
1 6 20
1 6 21
1 6 22
1 6 23
1 6 24
1 6 25
3 6 26
2 7 26
2 8 26
2 9 26
2 10 26
2 11 26
2 12 26
2 13 26
2 14 26
2 15 26
2 16 26
2 17 26
2 18 26
2 19 26
2 20 26
0 21 26
2 22 26
2 23 26
2 24 26
2 25 26
2 26 26
2 27 26
2 28 26
2 29 26
2 30 26
2 31 26
2 32 26
2 33 26
2 34 26
2 35 26
2 36 26
2 37 26
2 38 26
2 39 26
2 40 26
2 41 26
2 42 26
2 43 26
2 44 26
4 45 26
1 45 25
1 45 24
1 45 23
1 45 22
1 45 21
1 45 20
1 45 19
1 45 18
1 45 17
1 45 16
1 45 15
1 45 14
1 45 13
0 45 12
6 44 12
1 44 13
1 44 14
1 44 15
1 44 16
1 44 17
1 44 18
1 44 19
1 44 20
1 44 21
1 44 22
-1
-1
-1
-1
-1
-1
-1
-1
-1
-1
-1
-1
-1
-1
-1
-1
0 44 23
6 5 17
1 5 18
1 5 19
1 5 20
1 5 21
1 5 22
1 5 23
1 5 24
1 5 25
1 5 26
1 5 27
1 5 28
-1
-1
-1
-1
-1
-1
-1
-1
-1
-1
0 5 29
2 7 17
4 8 17
1 8 16
1 8 15
1 8 14
1 8 13
1 8 12
-1
-1
-1
-1
-1
0 8 11
4 21 27
2 20 27
2 19 27
2 18 27
2 17 27
6 16 27
1 16 28
1 16 29
-1
-1
-1
0 16 30
2 43 23
2 42 23
2 41 23
2 40 23
2 39 23
2 38 23
2 37 23
2 36 23
2 35 23
3 34 23
1 34 22
1 34 21
0 34 20
1 5 30
1 5 31
1 5 32
1 5 33
1 5 34
1 5 35
0 5 36
5 46 12
1 46 13
1 46 14
1 46 15
1 46 16
1 46 17
1 46 18
1 46 19
1 46 20
1 46 21
1 46 22
1 46 23
1 46 24
1 46 25
1 46 26
4 46 27
2 45 27
2 44 27
2 43 27
2 42 27
6 41 27
0 41 28
2 7 11
2 6 11
2 5 11
2 4 11
2 3 11
3 2 11
0 2 10
2 9 11
2 10 11
2 11 11
2 12 11
4 13 11
1 13 10
1 13 9
1 13 8
1 13 7
1 13 6
1 13 5
1 13 4
1 13 3
0 13 2
1 16 31
1 16 32
1 16 33
1 16 34
1 16 35
1 16 36
1 16 37
1 16 38
0 16 39
1 21 25
1 21 24
1 21 23
1 21 22
1 21 21
1 21 20
1 21 19
0 21 18
2 33 20
2 32 20
2 31 20
2 30 20
6 29 20
1 29 21
1 29 22
0 29 23
5 14 2
3 14 3
2 15 3
2 16 3
2 17 3
2 18 3
2 19 3
2 20 3
0 21 3
1 29 24
3 29 25
2 30 25
2 31 25
2 32 25
0 33 25
2 20 18
2 19 18
2 18 18
2 17 18
2 16 18
2 15 18
2 14 18
2 13 18
2 12 18
2 11 18
2 10 18
6 9 18
1 9 19
1 9 20
0 9 21
5 6 16
2 5 16
2 4 16
2 3 16
2 2 16
6 1 16
1 1 17
1 1 18
0 1 19
2 6 29
2 7 29
2 8 29
2 9 29
2 10 29
4 11 29
1 11 28
0 11 27
2 34 25
2 35 25
2 36 25
4 37 25
0 37 24
2 40 28
2 39 28
6 38 28
1 38 29
1 38 30
1 38 31
1 38 32
1 38 33
1 38 34
0 38 35
2 6 36
2 7 36
4 8 36
0 8 35
2 42 28
2 43 28
2 44 28
2 45 28
2 46 28
4 47 28
0 47 27
2 4 29
2 3 29
2 2 29
6 1 29
1 1 30
1 1 31
0 1 32
4 21 4
2 20 4
2 19 4
2 18 4
2 17 4
2 16 4
6 15 4
1 15 5
1 15 6
1 15 7
0 15 8
5 35 20
3 35 21
2 36 21
2 37 21
2 38 21
0 39 21
6 34 19
2 35 19
2 36 19
4 37 19
1 37 18
0 37 17
3 9 22
2 10 22
2 11 22
0 12 22
2 13 22
2 14 22
2 15 22
2 16 22
0 17 22
2 4 36
2 3 36
2 2 36
6 1 36
1 1 37
1 1 38
1 1 39
1 1 40
1 1 41
0 1 42
3 1 43
2 2 43
2 3 43
2 4 43
2 5 43
0 6 43
2 3 10
2 4 10
4 5 10
1 5 9
0 5 8
-1
-1
-1
-1
-1
-1
-1
-1
-1
-1
-1
-1
-1
-1
-1
-1
-1
-1
-1
-1
-1
-1
-1
-1
-1
-1
-1
-1
-1
-1
-1
-1
-1
-1
-1
-1
-1
-1
-1
-1
-1
-1
-1
-1
-1
-1
-1
-1
-1
-1
-1
-1
-1
-1
-1
-1
-1
-1
-1
-1
-1
-1
-1
-1
-1
-1
-1
-1
-1
-1
-1
-1
-1
-1
-1
-1
-1
-1
-1
-1
-1
-1
-1
-1
-1
-1
-1
-1
-1
-1
-1
-1
-1
-1
-1
-1
-1
-1
-1
-1
-1
-1
-1
-1
-1
-1
-1
-1
-1
-1
-1
-1
-1
-1
-1
-1
-1
-1
-1
-1
-1
-1
-1
-1
-1
-1
-1
-1
-1
-1
-1
-1
-1
-1
-1
-1
-1
-1
-1
-1
-1
-1
-1
-1
-1
-1
-1
-1
-1
-1
-1
-1
-1
-1
-1
-1
-1
-1
-1
-1
-1
-1
-1
-1
-1
-1
-1
-1
-1
-1
-1
-1
-1
-1
-1
-1
-1
-1
-1
-1
-1
-1
-1
-1
-1
-1
-1
-1
-1
-1
-1
-1
-1
-1
-1
-1
-1
-1
-1
-1
-1
-1
-1
-1
-1
-1
-1
-1
-1
-1
-1
-1
-1
-1
-1
-1
-1
-1
-1
-1
-1
-1
-1
-1
-1
-1
-1
-1
-1
-1
-1
-1
-1
-1
-1
-1
-1
-1
-1
-1
-1
-1
-1
-1
-1
-1
-1
-1
-1
-1
-1
-1
-1
-1
-1
-1
-1
-1
-1
-1
-1
-1
-1
-1
-1
-1
-1
-1
-1
-1
-1
-1
-1
-1
-1
-1
-1
-1
-1
-1
-1
-1
-1
-1
-1
-1
-1
-1
-1
-1
-1
-1
-1
-1
-1
-1
-1
-1
-1
-1
-1
-1
-1
-1
-1
-1
-1
-1
-1
-1
-1
-1
-1
-1
-1
-1
-1
-1
-1
-1
-1
-1
-1
-1
-1
-1
-1
-1
-1
-1
-1
-1
-1
-1
-1
-1
-1
-1
-1
-1
-1
-1
-1
-1
-1
-1
-1
-1
-1
-1
-1
-1
-1
-1
-1
-1
-1
-1
-1
-1
-1
-1
-1
-1
-1
-1
-1
-1
-1
-1
-1
-1
-1
-1
-1
-1
-1
-1
-1
-1
-1
-1
-1
-1
-1
-1
-1
-1
-1
-1
-1
-1
-1
-1
-1
-1
-1
-1
-1
-1
-1
-1
-1
-1
-1
-1
-1
-1
-1
-1
-1
-1
-1
-1
-1
-1
-1
-1
-1
-1
-1
-1
-1
-1
-1
-1
-1
-1
-1
-1
-1
-1
-1
-1
-1
-1
-1
-1
-1
-1
