0 23 1
1 23 2
1 23 3
1 23 4
1 23 5
1 23 6
1 23 7
1 23 8
1 23 9
1 23 10
1 23 11
1 23 12
1 23 13
1 23 14
1 23 15
1 23 16
1 23 17
1 23 18
1 23 19
1 23 20
1 23 21
1 23 22
1 23 23
1 23 24
1 23 25
3 23 26
2 24 26
2 25 26
2 26 26
2 27 26
2 28 26
2 29 26
2 30 26
2 31 26
2 32 26
2 33 26
2 34 26
2 35 26
2 36 26
2 37 26
2 38 26
2 39 26
2 40 26
2 41 26
2 42 26
2 43 26
2 44 26
2 45 26
2 46 26
0 47 26
4 47 27
2 46 27
2 45 27
2 44 27
2 43 27
2 42 27
2 41 27
6 40 27
1 40 28
1 40 29
1 40 30
1 40 31
-1
-1
-1
-1
-1
-1
-1
-1
-1
-1
-1
-1
-1
-1
-1
-1
-1
-1
-1
-1
-1
-1
-1
-1
-1
-1
-1
-1
-1
-1
-1
-1
-1
-1
-1
-1
-1
-1
-1
-1
0 40 32
2 39 32
2 38 32
2 37 32
2 36 32
2 35 32
2 34 32
2 33 32
2 32 32
2 31 32
2 30 32
2 29 32
2 28 32
2 27 32
2 26 32
2 25 32
2 24 32
6 23 32
-1
-1
-1
-1
-1
-1
-1
-1
-1
-1
-1
-1
-1
-1
-1
-1
-1
-1
-1
-1
-1
-1
-1
-1
-1
-1
0 23 33
5 24 1
1 24 2
1 24 3
1 24 4
1 24 5
3 24 6
2 25 6
2 26 6
2 27 6
2 28 6
2 29 6
2 30 6
2 31 6
2 32 6
2 33 6
2 34 6
2 35 6
2 36 6
2 37 6
2 38 6
-1
-1
-1
-1
-1
-1
-1
-1
-1
-1
-1
-1
-1
-1
0 39 6
1 47 25
1 47 24
1 47 23
1 47 22
1 47 21
1 47 20
-1
-1
-1
-1
-1
-1
-1
-1
-1
-1
-1
-1
-1
0 47 19
2 22 33
2 21 33
2 20 33
2 19 33
2 18 33
2 17 33
2 16 33
2 15 33
6 14 33
1 14 34
1 14 35
1 14 36
1 14 37
1 14 38
1 14 39
1 14 40
1 14 41
-1
-1
-1
-1
0 14 42
2 41 32
2 42 32
2 43 32
2 44 32
2 45 32
-1
-1
-1
-1
-1
-1
-1
-1
-1
-1
0 46 32
2 46 19
2 45 19
2 44 19
2 43 19
2 42 19
2 41 19
2 40 19
2 39 19
2 38 19
2 37 19
2 36 19
2 35 19
2 34 19
2 33 19
6 32 19
1 32 20
1 32 21
1 32 22
0 32 23
2 13 42
2 12 42
2 11 42
2 10 42
2 9 42
2 8 42
2 7 42
2 6 42
2 5 42
2 4 42
2 3 42
2 2 42
3 1 42
1 1 41
1 1 40
1 1 39
1 1 38
1 1 37
1 1 36
1 1 35
1 1 34
1 1 33
1 1 32
1 1 31
0 1 30
1 23 34
1 23 35
1 23 36
1 23 37
3 23 38
2 24 38
2 25 38
2 26 38
2 27 38
0 28 38
5 39 5
3 38 5
1 38 4
1 38 3
0 38 2
1 28 39
1 28 40
1 28 41
3 28 42
-1
-1
-1
-1
0 29 42
2 31 23
2 30 23
2 29 23
2 28 23
-1
-1
-1
-1
-1
0 27 23
2 26 23
3 25 23
1 25 22
1 25 21
1 25 20
-1
-1
-1
0 25 19
2 15 42
2 16 42
2 17 42
2 18 42
2 19 42
2 20 42
2 21 42
4 22 42
1 22 41
1 22 40
1 22 39
1 22 38
0 22 37
3 24 19
1 24 18
1 24 17
1 24 16
1 24 15
0 24 14
6 23 0
2 24 0
5 25 0
1 25 1
1 25 2
3 25 3
0 26 3
2 2 30
2 3 30
2 4 30
2 5 30
2 6 30
2 7 30
2 8 30
2 9 30
2 10 30
2 11 30
2 12 30
2 13 30
2 14 30
2 15 30
2 16 30
2 17 30
2 18 30
2 19 30
4 20 30
1 20 29
1 20 28
0 20 27
2 33 23
2 34 23
2 35 23
2 36 23
2 37 23
2 38 23
2 39 23
2 40 23
2 41 23
2 42 23
2 43 23
2 44 23
2 45 23
4 46 23
0 46 22
5 21 27
1 21 28
1 21 29
1 21 30
3 21 31
2 22 31
2 23 31
2 24 31
2 25 31
2 26 31
0 27 31
-1
-1
-1
-1
-1
-1
-1
-1
-1
-1
-1
-1
-1
-1
-1
-1
-1
-1
-1
-1
-1
-1
-1
-1
-1
-1
-1
-1
-1
-1
-1
-1
-1
-1
-1
-1
-1
-1
-1
-1
-1
-1
-1
-1
-1
-1
-1
-1
-1
-1
-1
-1
-1
-1
-1
-1
-1
-1
-1
-1
-1
-1
-1
-1
-1
-1
-1
-1
-1
-1
-1
-1
-1
-1
-1
-1
-1
-1
-1
-1
-1
-1
-1
-1
-1
-1
-1
-1
-1
-1
-1
-1
-1
-1
-1
-1
-1
-1
-1
-1
-1
-1
-1
-1
-1
-1
-1
-1
-1
-1
-1
-1
-1
-1
-1
-1
-1
-1
-1
-1
-1
-1
-1
-1
-1
-1
-1
-1
-1
-1
-1
-1
-1
-1
-1
-1
-1
-1
-1
-1
-1
-1
-1
-1
-1
-1
-1
-1
-1
-1
-1
-1
-1
-1
-1
-1
-1
-1
-1
-1
-1
-1
-1
-1
-1
-1
-1
-1
-1
-1
-1
-1
-1
-1
-1
-1
-1
-1
-1
-1
-1
-1
-1
-1
-1
-1
-1
-1
-1
-1
-1
-1
-1
-1
-1
-1
-1
-1
-1
-1
-1
-1
-1
-1
-1
-1
-1
-1
-1
-1
-1
-1
-1
-1
-1
-1
-1
-1
-1
-1
-1
-1
-1
-1
-1
-1
-1
-1
-1
-1
-1
-1
-1
-1
-1
-1
-1
-1
-1
-1
-1
-1
-1
-1
-1
-1
-1
-1
-1
-1
-1
-1
-1
-1
-1
-1
-1
-1
-1
-1
-1
-1
-1
-1
-1
-1
-1
-1
-1
-1
-1
-1
-1
-1
-1
-1
-1
-1
-1
-1
-1
-1
-1
-1
-1
-1
-1
-1
-1
-1
-1
-1
-1
-1
-1
-1
-1
-1
-1
-1
-1
-1
-1
-1
-1
-1
-1
-1
-1
-1
-1
-1
-1
-1
-1
-1
-1
-1
-1
-1
-1
-1
-1
-1
-1
-1
-1
-1
-1
-1
-1
-1
-1
-1
-1
-1
-1
-1
-1
-1
-1
-1
-1
-1
-1
-1
-1
-1
-1
-1
-1
-1
-1
-1
-1
-1
-1
-1
-1
-1
-1
-1
-1
-1
-1
-1
-1
-1
-1
-1
-1
-1
-1
-1
-1
-1
-1
-1
-1
-1
-1
-1
-1
-1
-1
-1
-1
-1
-1
-1
-1
-1
-1
-1
-1
-1
-1
-1
-1
