0 7 20
1 7 21
1 7 22
1 7 23
1 7 24
1 7 25
1 7 26
1 7 27
1 7 28
1 7 29
1 7 30
1 7 31
1 7 32
1 7 33
1 7 34
1 7 35
1 7 36
1 7 37
1 7 38
1 7 39
1 7 40
1 7 41
1 7 42
1 7 43
3 7 44
2 8 44
2 9 44
2 10 44
2 11 44
2 12 44
2 13 44
2 14 44
2 15 44
2 16 44
2 17 44
2 18 44
2 19 44
2 20 44
2 21 44
2 22 44
2 23 44
2 24 44
0 25 44
2 8 20
2 9 20
2 10 20
2 11 20
2 12 20
2 13 20
2 14 20
2 15 20
2 16 20
2 17 20
2 18 20
2 19 20
2 20 20
2 21 20
2 22 20
2 23 20
2 24 20
2 25 20
2 26 20
2 27 20
2 28 20
2 29 20
2 30 20
2 31 20
2 32 20
2 33 20
2 34 20
2 35 20
2 36 20
2 37 20
2 38 20
2 39 20
2 40 20
4 41 20
1 41 19
1 41 18
1 41 17
1 41 16
1 41 15
1 41 14
1 41 13
1 41 12
1 41 11
1 41 10
1 41 9
1 41 8
1 41 7
1 41 6
1 41 5
1 41 4
1 41 3
1 41 2
0 41 1
6 7 19
2 8 19
2 9 19
2 10 19
2 11 19
2 12 19
4 13 19
1 13 18
1 13 17
1 13 16
1 13 15
-1
-1
-1
-1
-1
-1
-1
-1
-1
-1
-1
-1
-1
-1
-1
-1
-1
0 13 14
2 6 20
2 5 20
3 4 20
1 4 19
1 4 18
1 4 17
1 4 16
1 4 15
1 4 14
1 4 13
1 4 12
1 4 11
1 4 10
1 4 9
1 4 8
1 4 7
1 4 6
1 4 5
1 4 4
-1
-1
-1
-1
-1
-1
0 4 3
5 25 43
2 24 43
2 23 43
3 22 43
1 22 42
-1
-1
-1
-1
-1
-1
-1
-1
-1
-1
-1
0 22 41
2 40 1
2 39 1
6 38 1
1 38 2
-1
-1
-1
-1
-1
-1
-1
-1
-1
0 38 3
2 21 41
2 20 41
2 19 41
2 18 41
2 17 41
2 16 41
2 15 41
2 14 41
3 13 41
1 13 40
1 13 39
1 13 38
1 13 37
1 13 36
1 13 35
1 13 34
1 13 33
1 13 32
1 13 31
1 13 30
0 13 29
3 25 45
2 26 45
2 27 45
2 28 45
2 29 45
2 30 45
2 31 45
2 32 45
2 33 45
2 34 45
2 35 45
2 36 45
0 37 45
2 14 29
2 15 29
2 16 29
2 17 29
2 18 29
2 19 29
2 20 29
2 21 29
2 22 29
2 23 29
2 24 29
2 25 29
2 26 29
2 27 29
2 28 29
2 29 29
0 30 29
2 12 29
0 11 29
2 37 3
2 36 3
2 35 3
2 34 3
2 33 3
2 32 3
2 31 3
2 30 3
6 29 3
1 29 4
1 29 5
1 29 6
1 29 7
1 29 8
1 29 9
1 29 10
0 29 11
4 37 46
2 36 46
2 35 46
2 34 46
2 33 46
2 32 46
2 31 46
2 30 46
2 29 46
2 28 46
2 27 46
2 26 46
2 25 46
2 24 46
2 23 46
2 22 46
2 21 46
0 20 46
2 12 14
2 11 14
2 10 14
2 9 14
2 8 14
2 7 14
2 6 14
3 5 14
1 5 13
0 5 12
2 3 3
6 2 3
1 2 4
1 2 5
1 2 6
1 2 7
1 2 8
1 2 9
1 2 10
1 2 11
1 2 12
1 2 13
1 2 14
1 2 15
1 2 16
1 2 17
1 2 18
1 2 19
1 2 20
1 2 21
1 2 22
1 2 23
1 2 24
1 2 25
1 2 26
1 2 27
1 2 28
0 2 29
5 42 1
1 42 2
1 42 3
1 42 4
1 42 5
1 42 6
1 42 7
1 42 8
1 42 9
1 42 10
1 42 11
1 42 12
3 42 13
2 43 13
0 44 13
2 6 12
2 7 12
2 8 12
4 9 12
1 9 11
1 9 10
1 9 9
0 9 8
1 2 30
1 2 31
1 2 32
3 2 33
2 3 33
2 4 33
2 5 33
0 6 33
1 44 14
1 44 15
1 44 16
1 44 17
1 44 18
1 44 19
1 44 20
1 44 21
1 44 22
1 44 23
1 44 24
1 44 25
1 44 26
3 44 27
2 45 27
2 46 27
0 47 27
4 6 34
6 5 34
1 5 35
1 5 36
1 5 37
1 5 38
1 5 39
1 5 40
1 5 41
1 5 42
0 5 43
5 4 2
2 3 2
0 2 2
5 22 40
2 21 40
2 20 40
2 19 40
3 18 40
1 18 39
0 18 38
4 47 28
2 46 28
2 45 28
2 44 28
3 43 28
1 43 27
1 43 26
1 43 25
0 43 24
6 1 2
0 1 3
2 28 11
3 27 11
1 27 10
1 27 9
1 27 8
1 27 7
1 27 6
1 27 5
1 27 4
1 27 3
1 27 2
1 27 1
0 27 0
2 45 13
4 46 13
1 46 12
1 46 11
1 46 10
1 46 9
1 46 8
0 46 7
1 29 12
1 29 13
1 29 14
3 29 15
0 30 15
0 20 45
5 14 14
1 14 15
0 14 16
5 28 0
1 28 1
3 28 2
2 29 2
2 30 2
2 31 2
2 32 2
0 33 2
2 42 24
2 41 24
2 40 24
6 39 24
1 39 25
1 39 26
0 39 27
2 26 44
4 27 44
1 27 43
1 27 42
1 27 41
1 27 40
1 27 39
0 27 38
4 6 43
1 6 42
1 6 41
1 6 40
1 6 39
0 6 38
2 15 16
2 16 16
2 17 16
0 18 16
6 38 27
1 38 28
1 38 29
1 38 30
1 38 31
0 38 32
2 19 38
2 20 38
4 21 38
1 21 37
1 21 36
1 21 35
1 21 34
1 21 33
1 21 32
0 21 31
2 21 45
2 22 45
0 23 45
5 13 13
2 12 13
0 11 13
2 31 15
2 32 15
2 33 15
4 34 15
1 34 14
0 34 13
1 39 28
1 39 29
3 39 30
2 40 30
2 41 30
0 42 30
2 26 0
2 25 0
2 24 0
6 23 0
1 23 1
1 23 2
1 23 3
1 23 4
1 23 5
0 23 6
5 38 45
1 38 46
4 38 47
2 37 47
2 36 47
2 35 47
2 34 47
2 33 47
2 32 47
2 31 47
0 30 47
2 30 11
2 31 11
4 32 11
1 32 10
1 32 9
0 32 8
6 37 44
2 38 44
5 39 44
1 39 45
3 39 46
2 40 46
2 41 46
0 42 46
1 5 44
1 5 45
3 5 46
2 6 46
2 7 46
2 8 46
2 9 46
0 10 46
2 28 38
2 29 38
2 30 38
2 31 38
0 32 38
1 5 11
1 5 10
1 5 9
0 5 8
1 13 28
1 13 27
1 13 26
1 13 25
0 13 24
4 31 29
1 31 28
1 31 27
1 31 26
1 31 25
1 31 24
1 31 23
1 31 22
0 31 21
-1
-1
-1
-1
-1
-1
-1
-1
-1
-1
-1
-1
-1
-1
-1
-1
-1
-1
-1
-1
-1
-1
-1
-1
-1
-1
-1
-1
-1
-1
-1
-1
-1
-1
-1
-1
-1
-1
-1
-1
-1
-1
-1
-1
-1
-1
-1
-1
-1
-1
-1
-1
-1
-1
-1
-1
-1
-1
-1
-1
-1
-1
-1
-1
-1
-1
-1
-1
-1
-1
-1
-1
-1
-1
-1
-1
-1
-1
-1
-1
-1
-1
-1
-1
-1
-1
-1
-1
-1
-1
-1
-1
-1
-1
-1
-1
-1
-1
-1
-1
-1
-1
-1
-1
-1
-1
-1
-1
-1
-1
-1
-1
-1
-1
-1
-1
-1
-1
-1
-1
-1
-1
-1
-1
-1
-1
-1
-1
-1
-1
-1
-1
-1
-1
-1
-1
-1
-1
-1
-1
-1
-1
-1
-1
-1
-1
-1
-1
-1
-1
-1
-1
-1
-1
-1
-1
-1
-1
-1
-1
-1
-1
-1
-1
-1
-1
-1
-1
-1
-1
-1
-1
-1
-1
-1
-1
-1
-1
-1
-1
-1
-1
-1
-1
-1
-1
-1
-1
-1
-1
-1
-1
-1
-1
-1
-1
-1
-1
-1
-1
-1
-1
-1
-1
-1
-1
-1
-1
-1
-1
-1
-1
-1
-1
-1
-1
-1
-1
-1
-1
-1
-1
-1
-1
-1
-1
-1
-1
-1
-1
-1
-1
-1
-1
-1
-1
-1
-1
-1
-1
-1
-1
-1
-1
-1
-1
-1
-1
-1
