0 30 41
2 31 41
2 32 41
2 33 41
2 34 41
2 35 41
2 36 41
2 37 41
2 38 41
2 39 41
2 40 41
2 41 41
2 42 41
2 43 41
2 44 41
4 45 41
1 45 40
1 45 39
1 45 38
1 45 37
1 45 36
1 45 35
1 45 34
1 45 33
1 45 32
1 45 31
1 45 30
1 45 29
1 45 28
1 45 27
1 45 26
1 45 25
1 45 24
1 45 23
1 45 22
1 45 21
1 45 20
1 45 19
1 45 18
1 45 17
1 45 16
1 45 15
1 45 14
1 45 13
1 45 12
1 45 11
1 45 10
1 45 9
1 45 8
1 45 7
1 45 6
0 45 5
2 29 41
2 28 41
2 27 41
2 26 41
2 25 41
2 24 41
2 23 41
2 22 41
2 21 41
2 20 41
2 19 41
2 18 41
2 17 41
3 16 41
1 16 40
1 16 39
1 16 38
1 16 37
1 16 36
1 16 35
1 16 34
1 16 33
1 16 32
1 16 31
-1
-1
-1
-1
-1
-1
-1
-1
-1
-1
-1
-1
-1
-1
-1
-1
-1
0 16 30
3 30 42
2 31 42
2 32 42
2 33 42
2 34 42
2 35 42
2 36 42
2 37 42
2 38 42
2 39 42
2 40 42
2 41 42
2 42 42
2 43 42
2 44 42
2 45 42
4 46 42
1 46 41
-1
-1
-1
-1
-1
-1
-1
-1
0 46 40
2 15 30
3 14 30
1 14 29
1 14 28
1 14 27
1 14 26
1 14 25
-1
-1
-1
-1
-1
-1
-1
-1
-1
0 14 24
2 17 30
2 18 30
2 19 30
2 20 30
2 21 30
-1
-1
-1
-1
-1
-1
0 22 30
5 47 40
1 47 41
1 47 42
4 47 43
2 46 43
6 45 43
1 45 44
1 45 45
-1
0 45 46
2 44 5
2 43 5
2 42 5
2 41 5
2 40 5
2 39 5
2 38 5
2 37 5
2 36 5
6 35 5
1 35 6
1 35 7
1 35 8
1 35 9
0 35 10
2 44 46
2 43 46
2 42 46
2 41 46
2 40 46
2 39 46
2 38 46
2 37 46
2 36 46
2 35 46
2 34 46
2 33 46
2 32 46
2 31 46
2 30 46
2 29 46
2 28 46
2 27 46
2 26 46
2 25 46
2 24 46
2 23 46
2 22 46
2 21 46
3 20 46
1 20 45
0 20 44
2 34 10
2 33 10
2 32 10
0 31 10
1 22 29
1 22 28
1 22 27
1 22 26
1 22 25
0 22 24
1 35 11
1 35 12
1 35 13
1 35 14
1 35 15
3 35 16
2 36 16
0 37 16
5 21 44
3 21 45
2 22 45
2 23 45
2 24 45
2 25 45
2 26 45
2 27 45
2 28 45
2 29 45
2 30 45
2 31 45
2 32 45
2 33 45
2 34 45
0 35 45
4 15 24
1 15 23
1 15 22
1 15 21
1 15 20
0 15 19
2 13 24
2 12 24
2 11 24
2 10 24
0 9 24
5 45 4
2 44 4
2 43 4
2 42 4
3 41 4
0 41 3
2 30 10
2 29 10
2 28 10
6 27 10
1 27 11
1 27 12
1 27 13
1 27 14
0 27 15
4 23 30
1 23 29
1 23 28
0 23 27
6 30 40
2 31 40
2 32 40
2 33 40
2 34 40
2 35 40
2 36 40
2 37 40
2 38 40
4 39 40
1 39 39
1 39 38
1 39 37
0 39 36
2 8 24
3 7 24
1 7 23
1 7 22
1 7 21
1 7 20
1 7 19
1 7 18
1 7 17
1 7 16
1 7 15
1 7 14
1 7 13
1 7 12
1 7 11
1 7 10
0 7 9
2 38 36
2 37 36
2 36 36
2 35 36
2 34 36
2 33 36
2 32 36
2 31 36
2 30 36
6 29 36
1 29 37
1 29 38
0 29 39
2 8 9
2 9 9
2 10 9
2 11 9
2 12 9
0 13 9
6 19 44
1 19 45
1 19 46
1 19 47
3 19 48
2 20 48
2 21 48
2 22 48
0 23 48
2 36 45
2 37 45
2 38 45
2 39 45
2 40 45
2 41 45
2 42 45
4 43 45
0 43 44
5 16 29
3 15 29
1 15 28
0 15 27
2 14 9
2 15 9
2 16 9
2 17 9
2 18 9
2 19 9
2 20 9
4 21 9
1 21 8
1 21 7
0 21 6
2 40 36
2 41 36
2 42 36
2 43 36
4 44 36
1 44 35
0 44 34
2 14 19
3 13 19
0 13 18
4 37 17
2 36 17
6 35 17
1 35 18
1 35 19
1 35 20
0 35 21
3 22 31
2 23 31
2 24 31
4 25 31
0 25 30
1 9 25
1 9 26
1 9 27
1 9 28
1 9 29
0 9 30
2 36 10
2 37 10
2 38 10
2 39 10
0 40 10
2 26 15
2 25 15
2 24 15
2 23 15
2 22 15
3 21 15
0 21 14
1 13 8
1 13 7
1 13 6
1 13 5
1 13 4
0 13 3
2 43 34
3 42 34
1 42 33
1 42 32
1 42 31
1 42 30
1 42 29
1 42 28
1 42 27
1 42 26
0 42 25
5 14 3
1 14 4
1 14 5
1 14 6
3 14 7
0 15 7
2 22 6
2 23 6
2 24 6
2 25 6
2 26 6
4 27 6
1 27 5
0 27 4
2 6 9
2 5 9
2 4 9
2 3 9
6 2 9
1 2 10
1 2 11
1 2 12
1 2 13
1 2 14
1 2 15
0 2 16
2 28 4
2 29 4
0 30 4
2 24 27
4 25 27
0 25 26
2 26 30
2 27 30
2 28 30
2 29 30
4 30 30
1 30 29
0 30 28
4 31 11
2 30 11
2 29 11
0 28 11
2 10 30
2 11 30
2 12 30
4 13 30
1 13 29
1 13 28
1 13 27
1 13 26
0 13 25
2 28 39
2 27 39
2 26 39
2 25 39
2 24 39
2 23 39
2 22 39
2 21 39
2 20 39
2 19 39
3 18 39
1 18 38
1 18 37
1 18 36
0 18 35
6 1 16
1 1 17
1 1 18
1 1 19
0 1 20
-1
-1
-1
-1
-1
-1
-1
-1
-1
-1
-1
-1
-1
-1
-1
-1
-1
-1
-1
-1
-1
-1
-1
-1
-1
-1
-1
-1
-1
-1
-1
-1
-1
-1
-1
-1
-1
-1
-1
-1
-1
-1
-1
-1
-1
-1
-1
-1
-1
-1
-1
-1
-1
-1
-1
-1
-1
-1
-1
-1
-1
-1
-1
-1
-1
-1
-1
-1
-1
-1
-1
-1
-1
-1
-1
-1
-1
-1
-1
-1
-1
-1
-1
-1
-1
-1
-1
-1
-1
-1
-1
-1
-1
-1
-1
-1
-1
-1
-1
-1
-1
-1
-1
-1
-1
-1
-1
-1
-1
-1
-1
-1
-1
-1
-1
-1
-1
-1
-1
-1
-1
-1
-1
-1
-1
-1
-1
-1
-1
-1
-1
-1
-1
-1
-1
-1
-1
-1
-1
-1
-1
-1
-1
-1
-1
-1
-1
-1
-1
-1
-1
-1
-1
-1
-1
-1
-1
-1
-1
-1
-1
-1
-1
-1
-1
-1
-1
-1
-1
-1
-1
-1
-1
-1
-1
-1
-1
-1
-1
-1
-1
-1
-1
-1
-1
-1
-1
-1
-1
-1
-1
-1
-1
-1
-1
-1
-1
-1
-1
-1
-1
-1
-1
-1
-1
-1
-1
-1
-1
-1
-1
-1
-1
-1
-1
-1
-1
-1
-1
-1
-1
-1
-1
-1
-1
-1
-1
-1
-1
-1
-1
-1
-1
-1
-1
-1
-1
-1
-1
-1
-1
-1
-1
-1
-1
-1
-1
-1
-1
-1
-1
-1
-1
-1
-1
-1
-1
-1
-1
-1
-1
-1
-1
-1
-1
-1
-1
-1
-1
-1
-1
-1
-1
-1
-1
-1
-1
-1
-1
-1
-1
-1
-1
-1
-1
-1
-1
-1
-1
-1
-1
-1
-1
-1
-1
-1
-1
-1
-1
-1
-1
-1
-1
-1
-1
-1
-1
-1
-1
-1
-1
-1
-1
-1
-1
-1
-1
-1
-1
-1
-1
-1
