0 2 18
1 2 19
1 2 20
1 2 21
1 2 22
1 2 23
1 2 24
1 2 25
1 2 26
1 2 27
1 2 28
1 2 29
1 2 30
1 2 31
1 2 32
1 2 33
1 2 34
1 2 35
1 2 36
1 2 37
1 2 38
1 2 39
1 2 40
1 2 41
1 2 42
3 2 43
2 3 43
2 4 43
2 5 43
2 6 43
2 7 43
2 8 43
2 9 43
2 10 43
0 11 43
2 3 18
2 4 18
2 5 18
2 6 18
2 7 18
2 8 18
2 9 18
2 10 18
2 11 18
2 12 18
4 13 18
1 13 17
1 13 16
1 13 15
1 13 14
1 13 13
1 13 12
1 13 11
1 13 10
1 13 9
1 13 8
1 13 7
1 13 6
1 13 5
1 13 4
1 13 3
1 13 2
-1
-1
-1
-1
-1
-1
-1
-1
-1
-1
-1
-1
-1
-1
-1
-1
-1
-1
-1
-1
-1
-1
-1
-1
-1
-1
-1
-1
-1
-1
-1
0 13 1
2 12 43
2 13 43
2 14 43
2 15 43
2 16 43
2 17 43
2 18 43
2 19 43
2 20 43
2 21 43
2 22 43
2 23 43
2 24 43
2 25 43
2 26 43
2 27 43
2 28 43
4 29 43
1 29 42
1 29 41
1 29 40
1 29 39
-1
-1
-1
-1
-1
-1
-1
-1
-1
-1
-1
-1
-1
-1
-1
-1
-1
-1
-1
0 29 38
2 28 38
2 27 38
2 26 38
2 25 38
2 24 38
2 23 38
2 22 38
3 21 38
1 21 37
1 21 36
1 21 35
1 21 34
1 21 33
1 21 32
-1
-1
-1
-1
-1
-1
-1
-1
-1
-1
0 21 31
5 14 1
1 14 2
3 14 3
2 15 3
2 16 3
2 17 3
2 18 3
2 19 3
2 20 3
2 21 3
2 22 3
2 23 3
2 24 3
2 25 3
2 26 3
-1
-1
-1
-1
-1
0 27 3
2 30 38
2 31 38
2 32 38
4 33 38
1 33 37
1 33 36
-1
-1
-1
-1
-1
-1
-1
0 33 35
6 2 17
2 3 17
2 4 17
2 5 17
4 6 17
1 6 16
1 6 15
1 6 14
1 6 13
1 6 12
1 6 11
-1
0 6 10
2 22 31
2 23 31
2 24 31
2 25 31
2 26 31
2 27 31
4 28 31
1 28 30
1 28 29
1 28 28
1 28 27
1 28 26
1 28 25
1 28 24
1 28 23
0 28 22
2 34 35
2 35 35
2 36 35
2 37 35
2 38 35
2 39 35
2 40 35
2 41 35
2 42 35
4 43 35
1 43 34
1 43 33
1 43 32
1 43 31
1 43 30
0 43 29
6 21 30
2 22 30
2 23 30
2 24 30
2 25 30
2 26 30
0 27 30
4 11 44
2 10 44
2 9 44
0 8 44
1 27 4
1 27 5
1 27 6
1 27 7
1 27 8
1 27 9
1 27 10
1 27 11
3 27 12
2 28 12
0 29 12
5 11 42
2 10 42
2 9 42
3 8 42
1 8 41
1 8 40
0 8 39
2 7 44
2 6 44
6 5 44
1 5 45
1 5 46
0 5 47
1 29 13
1 29 14
1 29 15
1 29 16
3 29 17
2 30 17
2 31 17
2 32 17
0 33 17
5 9 39
1 9 40
3 9 41
2 10 41
2 11 41
2 12 41
2 13 41
2 14 41
2 15 41
2 16 41
2 17 41
0 18 41
2 27 22
3 26 22
1 26 21
1 26 20
1 26 19
1 26 18
1 26 17
1 26 16
1 26 15
0 26 14
5 44 29
1 44 30
1 44 31
1 44 32
1 44 33
1 44 34
1 44 35
4 44 36
2 43 36
2 42 36
2 41 36
2 40 36
2 39 36
2 38 36
6 37 36
1 37 37
1 37 38
0 37 39
2 42 29
2 41 29
2 40 29
6 39 29
0 39 30
2 7 39
2 6 39
2 5 39
3 4 39
1 4 38
1 4 37
1 4 36
1 4 35
1 4 34
1 4 33
0 4 32
3 8 45
2 9 45
2 10 45
2 11 45
2 12 45
2 13 45
2 14 45
0 15 45
3 1 18
1 1 17
1 1 16
1 1 15
0 1 14
3 3 32
1 3 31
1 3 30
1 3 29
1 3 28
1 3 27
1 3 26
1 3 25
1 3 24
1 3 23
1 3 22
0 3 21
2 38 30
2 37 30
2 36 30
3 35 30
0 35 29
2 25 14
2 24 14
2 23 14
2 22 14
2 21 14
2 20 14
2 19 14
0 18 14
1 18 15
1 18 16
1 18 17
1 18 18
1 18 19
3 18 20
2 19 20
0 20 20
5 5 32
3 5 33
2 6 33
2 7 33
2 8 33
2 9 33
2 10 33
2 11 33
0 12 33
2 19 41
2 20 41
2 21 41
4 22 41
0 22 40
-1
-1
-1
-1
-1
-1
-1
-1
-1
-1
-1
-1
-1
-1
-1
-1
-1
-1
-1
-1
-1
-1
-1
-1
-1
-1
-1
-1
-1
-1
-1
-1
-1
-1
-1
-1
-1
-1
-1
-1
-1
-1
-1
-1
-1
-1
-1
-1
-1
-1
-1
-1
-1
-1
-1
-1
-1
-1
-1
-1
-1
-1
-1
-1
-1
-1
-1
-1
-1
-1
-1
-1
-1
-1
-1
-1
-1
-1
-1
-1
-1
-1
-1
-1
-1
-1
-1
-1
-1
-1
-1
-1
-1
-1
-1
-1
-1
-1
-1
-1
-1
-1
-1
-1
-1
-1
-1
-1
-1
-1
-1
-1
-1
-1
-1
-1
-1
-1
-1
-1
-1
-1
-1
-1
-1
-1
-1
-1
-1
-1
-1
-1
-1
-1
-1
-1
-1
-1
-1
-1
-1
-1
-1
-1
-1
-1
-1
-1
-1
-1
-1
-1
-1
-1
-1
-1
-1
-1
-1
-1
-1
-1
-1
-1
-1
-1
-1
-1
-1
-1
-1
-1
-1
-1
-1
-1
-1
-1
-1
-1
-1
-1
-1
-1
-1
-1
-1
-1
-1
-1
-1
-1
-1
-1
-1
-1
-1
-1
-1
-1
-1
-1
-1
-1
-1
-1
-1
-1
-1
-1
-1
-1
-1
-1
-1
-1
-1
-1
-1
-1
-1
-1
-1
-1
-1
-1
-1
-1
-1
-1
-1
-1
-1
-1
-1
-1
-1
-1
-1
-1
-1
-1
-1
-1
-1
-1
-1
-1
-1
-1
-1
-1
-1
-1
-1
-1
-1
-1
-1
-1
-1
-1
-1
-1
-1
-1
-1
-1
-1
-1
-1
-1
-1
-1
-1
-1
-1
-1
-1
-1
-1
-1
-1
-1
-1
-1
-1
-1
-1
-1
-1
-1
-1
-1
-1
-1
-1
-1
-1
-1
-1
-1
-1
-1
-1
-1
-1
-1
-1
-1
-1
-1
-1
-1
-1
-1
-1
-1
-1
-1
-1
-1
-1
-1
-1
-1
-1
-1
-1
-1
-1
-1
-1
-1
-1
-1
-1
-1
-1
-1
-1
-1
-1
-1
-1
-1
-1
-1
-1
-1
-1
-1
-1
-1
-1
-1
-1
-1
-1
-1
-1
-1
-1
-1
-1
-1
-1
-1
-1
-1
-1
-1
-1
-1
-1
-1
-1
-1
-1
-1
-1
-1
-1
-1
-1
-1
-1
-1
-1
-1
-1
-1
-1
-1
-1
-1
-1
-1
-1
