0 4 30
2 5 30
2 6 30
2 7 30
2 8 30
2 9 30
2 10 30
2 11 30
2 12 30
2 13 30
2 14 30
2 15 30
2 16 30
2 17 30
2 18 30
2 19 30
2 20 30
2 21 30
2 22 30
2 23 30
2 24 30
2 25 30
2 26 30
2 27 30
2 28 30
2 29 30
2 30 30
2 31 30
2 32 30
2 33 30
2 34 30
2 35 30
2 36 30
2 37 30
2 38 30
2 39 30
2 40 30
2 41 30
2 42 30
2 43 30
2 44 30
2 45 30
2 46 30
4 47 30
1 47 29
1 47 28
1 47 27
1 47 26
1 47 25
1 47 24
1 47 23
1 47 22
1 47 21
1 47 20
0 47 19
1 4 31
1 4 32
1 4 33
1 4 34
1 4 35
1 4 36
3 4 37
2 5 37
2 6 37
2 7 37
2 8 37
2 9 37
2 10 37
2 11 37
2 12 37
2 13 37
2 14 37
2 15 37
2 16 37
2 17 37
2 18 37
2 19 37
2 20 37
2 21 37
2 22 37
2 23 37
2 24 37
2 25 37
2 26 37
2 27 37
2 28 37
2 29 37
2 30 37
2 31 37
0 32 37
2 3 30
6 2 30
1 2 31
1 2 32
1 2 33
1 2 34
1 2 35
0 2 36
2 46 19
2 45 19
2 44 19
2 43 19
2 42 19
3 41 19
1 41 18
1 41 17
1 41 16
1 41 15
1 41 14
1 41 13
1 41 12
1 41 11
1 41 10
1 41 9
1 41 8
1 41 7
0 41 6
5 32 36
2 31 36
2 30 36
2 29 36
2 28 36
2 27 36
2 26 36
2 25 36
2 24 36
2 23 36
2 22 36
2 21 36
2 20 36
2 19 36
2 18 36
2 17 36
2 16 36
2 15 36
2 14 36
2 13 36
2 12 36
2 11 36
2 10 36
2 9 36
2 8 36
2 7 36
3 6 36
1 6 35
1 6 34
0 6 33
2 42 6
2 43 6
2 44 6
2 45 6
4 46 6
1 46 5
1 46 4
1 46 3
0 46 2
5 4 29
3 3 29
1 3 28
1 3 27
1 3 26
1 3 25
1 3 24
1 3 23
0 3 22
6 45 2
1 45 3
1 45 4
0 45 5
6 2 22
1 2 23
1 2 24
1 2 25
1 2 26
1 2 27
1 2 28
0 2 29
1 32 38
3 32 39
0 33 39
2 4 22
2 5 22
2 6 22
2 7 22
2 8 22
2 9 22
2 10 22
2 11 22
2 12 22
2 13 22
2 14 22
2 15 22
2 16 22
2 17 22
2 18 22
2 19 22
0 20 22
2 7 33
2 8 33
2 9 33
2 10 33
2 11 33
2 12 33
2 13 33
2 14 33
4 15 33
0 15 32
4 20 23
2 19 23
2 18 23
2 17 23
2 16 23
2 15 23
2 14 23
2 13 23
2 12 23
2 11 23
2 10 23
2 9 23
2 8 23
2 7 23
6 6 23
1 6 24
1 6 25
1 6 26
1 6 27
1 6 28
0 6 29
5 47 18
2 46 18
2 45 18
3 44 18
0 44 17
4 33 40
2 32 40
2 31 40
2 30 40
3 29 40
0 29 39
1 3 21
1 3 20
1 3 19
1 3 18
1 3 17
1 3 16
1 3 15
1 3 14
1 3 13
1 3 12
1 3 11
1 3 10
1 3 9
1 3 8
1 3 7
1 3 6
1 3 5
0 3 4
2 21 22
2 22 22
2 23 22
2 24 22
2 25 22
2 26 22
2 27 22
0 28 22
2 40 6
2 39 6
2 38 6
6 37 6
1 37 7
0 37 8
5 20 21
2 19 21
2 18 21
2 17 21
2 16 21
3 15 21
1 15 20
1 15 19
1 15 18
1 15 17
1 15 16
1 15 15
1 15 14
1 15 13
0 15 12
5 16 12
1 16 13
1 16 14
1 16 15
1 16 16
3 16 17
2 17 17
0 18 17
2 34 39
2 35 39
0 36 39
5 4 4
1 4 5
3 4 6
2 5 6
2 6 6
0 7 6
2 14 12
2 13 12
6 12 12
1 12 13
1 12 14
1 12 15
1 12 16
0 12 17
2 37 39
2 38 39
0 39 39
1 39 40
1 39 41
1 39 42
1 39 43
1 39 44
1 39 45
3 39 46
2 40 46
2 41 46
2 42 46
2 43 46
2 44 46
2 45 46
2 46 46
0 47 46
6 15 11
2 16 11
2 17 11
0 18 11
3 1 29
1 1 28
1 1 27
1 1 26
1 1 25
1 1 24
1 1 23
1 1 22
6 1 21
4 2 21
1 2 20
1 2 19
0 2 18
-1
-1
-1
-1
-1
-1
-1
-1
-1
-1
-1
-1
-1
-1
-1
-1
-1
-1
-1
-1
-1
-1
-1
-1
-1
-1
-1
-1
-1
-1
-1
-1
-1
-1
-1
-1
-1
-1
-1
-1
-1
-1
-1
-1
-1
-1
-1
-1
-1
-1
-1
-1
-1
-1
-1
-1
-1
-1
-1
-1
-1
-1
-1
-1
-1
-1
-1
-1
-1
-1
-1
-1
-1
-1
-1
-1
-1
-1
-1
-1
-1
-1
-1
-1
-1
-1
-1
-1
-1
-1
-1
-1
-1
-1
-1
-1
-1
-1
-1
-1
-1
-1
-1
-1
-1
-1
-1
-1
-1
-1
-1
-1
-1
-1
-1
-1
-1
-1
-1
-1
-1
-1
-1
-1
-1
-1
-1
-1
-1
-1
-1
-1
-1
-1
-1
-1
-1
-1
-1
-1
-1
-1
-1
-1
-1
-1
-1
-1
-1
-1
-1
-1
-1
-1
-1
-1
-1
-1
-1
-1
-1
-1
-1
-1
-1
-1
-1
-1
-1
-1
-1
-1
-1
-1
-1
-1
-1
-1
-1
-1
-1
-1
-1
-1
-1
-1
-1
-1
-1
-1
-1
-1
-1
-1
-1
-1
-1
-1
-1
-1
-1
-1
-1
-1
-1
-1
-1
-1
-1
-1
-1
-1
-1
-1
-1
-1
-1
-1
-1
-1
-1
-1
-1
-1
-1
-1
-1
-1
-1
-1
-1
-1
-1
-1
-1
-1
-1
-1
-1
-1
-1
-1
-1
-1
-1
-1
-1
-1
-1
-1
-1
-1
-1
-1
-1
-1
-1
-1
-1
-1
-1
-1
-1
-1
-1
-1
-1
-1
-1
-1
-1
-1
-1
-1
-1
-1
-1
-1
-1
-1
-1
-1
-1
-1
-1
-1
-1
-1
-1
-1
-1
-1
-1
-1
-1
-1
-1
-1
-1
-1
-1
-1
-1
-1
-1
-1
-1
-1
-1
-1
-1
-1
-1
-1
-1
-1
-1
-1
-1
-1
-1
-1
-1
-1
-1
-1
-1
-1
-1
-1
-1
-1
-1
-1
-1
-1
-1
-1
-1
-1
-1
-1
-1
-1
-1
-1
-1
-1
-1
-1
-1
-1
-1
-1
-1
-1
-1
-1
-1
-1
-1
-1
-1
-1
-1
-1
-1
-1
-1
-1
-1
-1
-1
-1
-1
-1
-1
-1
-1
-1
-1
-1
-1
-1
-1
-1
-1
-1
-1
-1
-1
-1
-1
-1
-1
-1
-1
-1
-1
-1
-1
-1
-1
-1
-1
-1
-1
-1
-1
-1
-1
-1
-1
-1
-1
-1
-1
-1
-1
-1
-1
-1
-1
-1
-1
-1
-1
-1
-1
-1
-1
-1
-1
-1
-1
-1
-1
-1
-1
-1
-1
-1
-1
-1
-1
-1
-1
-1
-1
-1
-1
-1
-1
-1
