0 9 39
2 10 39
2 11 39
2 12 39
2 13 39
2 14 39
2 15 39
2 16 39
2 17 39
2 18 39
2 19 39
2 20 39
2 21 39
2 22 39
2 23 39
2 24 39
2 25 39
2 26 39
2 27 39
2 28 39
2 29 39
2 30 39
2 31 39
2 32 39
2 33 39
2 34 39
2 35 39
2 36 39
2 37 39
2 38 39
2 39 39
2 40 39
2 41 39
2 42 39
4 43 39
1 43 38
1 43 37
1 43 36
1 43 35
1 43 34
1 43 33
1 43 32
1 43 31
1 43 30
1 43 29
1 43 28
1 43 27
1 43 26
1 43 25
1 43 24
1 43 23
1 43 22
1 43 21
0 43 20
2 42 20
2 41 20
6 40 20
1 40 21
1 40 22
-1
-1
-1
-1
-1
-1
-1
-1
-1
-1
-1
-1
-1
-1
-1
-1
-1
-1
-1
-1
-1
-1
0 40 23
6 9 38
2 10 38
2 11 38
2 12 38
4 13 38
1 13 37
1 13 36
1 13 35
1 13 34
1 13 33
1 13 32
1 13 31
1 13 30
1 13 29
1 13 28
1 13 27
1 13 26
1 13 25
1 13 24
1 13 23
1 13 22
1 13 21
1 13 20
1 13 19
1 13 18
1 13 17
1 13 16
1 13 15
1 13 14
1 13 13
1 13 12
1 13 11
1 13 10
1 13 9
-1
-1
-1
-1
-1
-1
-1
-1
-1
-1
-1
-1
-1
-1
-1
-1
-1
-1
-1
-1
-1
0 13 8
5 43 19
2 42 19
2 41 19
2 40 19
2 39 19
2 38 19
2 37 19
3 36 19
-1
-1
-1
-1
-1
-1
-1
-1
-1
-1
-1
-1
-1
-1
-1
-1
-1
-1
-1
-1
-1
0 36 18
2 8 39
2 7 39
3 6 39
1 6 38
1 6 37
1 6 36
1 6 35
-1
-1
-1
-1
-1
-1
-1
-1
-1
-1
-1
-1
-1
-1
-1
-1
-1
0 6 34
2 7 34
2 8 34
2 9 34
2 10 34
4 11 34
1 11 33
1 11 32
1 11 31
-1
-1
-1
-1
-1
-1
-1
-1
-1
-1
-1
-1
0 11 30
2 35 18
2 34 18
2 33 18
2 32 18
2 31 18
2 30 18
2 29 18
2 28 18
2 27 18
2 26 18
-1
-1
-1
-1
-1
-1
-1
-1
0 25 18
5 36 17
3 35 17
1 35 16
1 35 15
1 35 14
1 35 13
1 35 12
1 35 11
1 35 10
1 35 9
1 35 8
1 35 7
1 35 6
1 35 5
1 35 4
-1
-1
-1
-1
0 35 3
5 44 20
1 44 21
1 44 22
3 44 23
2 45 23
2 46 23
-1
-1
-1
-1
-1
-1
-1
-1
-1
0 47 23
5 36 3
-1
-1
-1
-1
-1
-1
-1
-1
-1
-1
-1
0 36 4
2 24 18
2 23 18
2 22 18
2 21 18
6 20 18
1 20 19
1 20 20
1 20 21
1 20 22
1 20 23
1 20 24
1 20 25
1 20 26
1 20 27
1 20 28
1 20 29
1 20 30
1 20 31
0 20 32
4 25 19
6 24 19
1 24 20
1 24 21
1 24 22
1 24 23
-1
-1
0 24 24
2 25 24
2 26 24
2 27 24
2 28 24
4 29 24
1 29 23
1 29 22
1 29 21
1 29 20
-1
-1
-1
0 29 19
2 12 8
6 11 8
1 11 9
1 11 10
1 11 11
1 11 12
-1
-1
-1
-1
0 11 13
2 39 23
2 38 23
2 37 23
6 36 23
1 36 24
1 36 25
1 36 26
1 36 27
1 36 28
1 36 29
1 36 30
1 36 31
1 36 32
1 36 33
1 36 34
1 36 35
1 36 36
0 36 37
2 10 13
2 9 13
2 8 13
2 7 13
2 6 13
2 5 13
2 4 13
2 3 13
2 2 13
2 1 13
3 0 13
1 0 12
1 0 11
1 0 10
0 0 9
4 40 24
2 39 24
6 38 24
1 38 25
1 38 26
0 38 27
6 25 17
2 26 17
2 27 17
2 28 17
4 29 17
1 29 16
0 29 15
1 9 40
1 9 41
1 9 42
1 9 43
1 9 44
1 9 45
3 9 46
0 10 46
2 37 18
2 38 18
0 39 18
2 11 46
4 12 46
1 12 45
-1
-1
0 12 44
5 1 9
1 1 10
1 1 11
-1
-1
0 1 12
5 30 19
1 30 20
1 30 21
1 30 22
1 30 23
3 30 24
2 31 24
0 32 24
4 11 14
2 10 14
2 9 14
2 8 14
2 7 14
2 6 14
2 5 14
6 4 14
1 4 15
0 4 16
5 14 8
1 14 9
1 14 10
1 14 11
1 14 12
1 14 13
1 14 14
1 14 15
1 14 16
1 14 17
3 14 18
2 15 18
2 16 18
0 17 18
2 13 44
2 14 44
2 15 44
2 16 44
2 17 44
2 18 44
2 19 44
2 20 44
4 21 44
0 21 43
1 29 14
1 29 13
1 29 12
1 29 11
1 29 10
0 29 9
2 3 16
2 2 16
2 1 16
6 0 16
1 0 17
1 0 18
0 0 19
3 5 34
1 5 33
1 5 32
1 5 31
1 5 30
1 5 29
1 5 28
1 5 27
1 5 26
0 5 25
4 47 24
2 46 24
2 45 24
6 44 24
1 44 25
1 44 26
0 44 27
6 13 7
2 14 7
4 15 7
1 15 6
1 15 5
1 15 4
1 15 3
1 15 2
0 15 1
5 17 17
3 16 17
1 16 16
1 16 15
1 16 14
0 16 13
1 38 28
1 38 29
1 38 30
1 38 31
3 38 32
2 39 32
2 40 32
0 41 32
1 44 28
1 44 29
0 44 30
2 40 18
4 41 18
1 41 17
1 41 16
1 41 15
1 41 14
1 41 13
1 41 12
0 41 11
5 41 23
1 41 24
0 41 25
1 0 20
1 0 21
1 0 22
0 0 23
2 42 11
2 43 11
2 44 11
2 45 11
4 46 11
1 46 10
1 46 9
0 46 8
2 17 13
2 18 13
2 19 13
0 20 13
6 35 2
2 36 2
4 37 2
0 37 1
2 18 18
4 19 18
0 19 17
2 28 19
6 27 19
1 27 20
1 27 21
0 27 22
4 30 9
1 30 8
1 30 7
1 30 6
0 30 5
2 14 1
2 13 1
2 12 1
0 11 1
1 44 31
1 44 32
3 44 33
0 45 33
2 30 15
2 31 15
2 32 15
4 33 15
1 33 14
0 33 13
2 21 13
4 22 13
1 22 12
1 22 11
1 22 10
1 22 9
1 22 8
1 22 7
0 22 6
2 2 12
2 3 12
2 4 12
4 5 12
0 5 11
5 12 13
1 12 14
1 12 15
1 12 16
1 12 17
1 12 18
0 12 19
1 0 8
1 0 7
1 0 6
1 0 5
1 0 4
1 0 3
1 0 2
1 0 1
0 0 0
6 45 8
1 45 9
0 45 10
5 12 30
1 12 31
1 12 32
0 12 33
6 11 29
0 12 29
2 5 16
2 6 16
2 7 16
4 8 16
0 8 15
4 17 19
2 16 19
2 15 19
6 14 19
1 14 20
1 14 21
0 14 22
-1
-1
-1
-1
-1
-1
-1
-1
-1
-1
-1
-1
-1
-1
-1
-1
-1
-1
-1
-1
-1
-1
-1
-1
-1
-1
-1
-1
-1
-1
-1
-1
-1
-1
-1
-1
-1
-1
-1
-1
-1
-1
-1
-1
-1
-1
-1
-1
-1
-1
-1
-1
-1
-1
-1
-1
-1
-1
-1
-1
-1
-1
-1
-1
-1
-1
-1
-1
-1
-1
-1
-1
-1
-1
-1
-1
-1
-1
-1
-1
-1
-1
-1
-1
-1
-1
-1
-1
-1
-1
-1
-1
-1
-1
-1
-1
-1
-1
-1
-1
-1
-1
-1
-1
-1
-1
-1
-1
-1
-1
-1
-1
-1
-1
-1
-1
-1
-1
-1
-1
-1
-1
-1
-1
-1
-1
-1
-1
-1
-1
-1
-1
-1
-1
-1
-1
-1
-1
-1
-1
-1
-1
-1
-1
-1
-1
-1
-1
-1
-1
-1
-1
-1
-1
-1
-1
-1
-1
-1
-1
-1
-1
-1
-1
-1
-1
-1
-1
-1
-1
-1
-1
-1
-1
-1
-1
-1
-1
-1
-1
-1
-1
-1
-1
-1
-1
-1
-1
-1
