0 23 40
2 24 40
4 25 40
1 25 39
1 25 38
1 25 37
1 25 36
1 25 35
1 25 34
1 25 33
1 25 32
1 25 31
1 25 30
1 25 29
1 25 28
1 25 27
1 25 26
1 25 25
1 25 24
1 25 23
1 25 22
1 25 21
1 25 20
1 25 19
1 25 18
1 25 17
1 25 16
1 25 15
1 25 14
1 25 13
1 25 12
1 25 11
1 25 10
0 25 9
6 24 9
1 24 10
1 24 11
1 24 12
1 24 13
1 24 14
1 24 15
1 24 16
1 24 17
1 24 18
1 24 19
1 24 20
1 24 21
1 24 22
-1
-1
-1
-1
-1
-1
-1
-1
-1
-1
-1
-1
-1
-1
-1
-1
-1
-1
-1
-1
-1
-1
-1
-1
-1
-1
-1
-1
-1
-1
-1
-1
-1
-1
-1
-1
-1
-1
-1
-1
-1
-1
-1
-1
-1
-1
-1
-1
-1
-1
-1
-1
-1
-1
-1
-1
-1
-1
-1
-1
-1
-1
-1
-1
-1
0 24 23
-1
2 22 40
2 21 40
2 20 40
2 19 40
-1
2 18 40
2 17 40
2 16 40
2 15 40
-1
2 14 40
2 13 40
2 12 40
2 11 40
-1
2 10 40
2 9 40
2 8 40
2 7 40
-1
2 6 40
2 5 40
2 4 40
2 3 40
-1
2 2 40
2 1 40
6 0 40
1 0 41
-1
1 0 42
1 0 43
-1
-1
-1
-1
-1
-1
-1
-1
-1
-1
-1
-1
-1
-1
-1
-1
-1
-1
-1
-1
-1
-1
-1
-1
-1
-1
-1
-1
-1
-1
-1
-1
-1
-1
-1
-1
-1
-1
-1
-1
-1
-1
-1
-1
-1
-1
-1
-1
-1
-1
-1
-1
-1
-1
-1
-1
-1
-1
-1
-1
-1
0 0 44
3 23 41
2 24 41
2 25 41
2 26 41
2 27 41
2 28 41
2 29 41
2 30 41
2 31 41
2 32 41
2 33 41
2 34 41
2 35 41
2 36 41
2 37 41
2 38 41
2 39 41
2 40 41
2 41 41
2 42 41
2 43 41
-1
-1
-1
-1
-1
-1
-1
-1
-1
-1
-1
-1
-1
-1
-1
-1
-1
-1
-1
-1
-1
-1
-1
-1
-1
-1
-1
-1
-1
-1
-1
-1
-1
-1
-1
-1
0 44 41
2 23 23
2 22 23
2 21 23
2 20 23
2 19 23
2 18 23
2 17 23
2 16 23
2 15 23
2 14 23
2 13 23
2 12 23
2 11 23
2 10 23
6 9 23
-1
-1
-1
-1
-1
-1
-1
-1
-1
-1
-1
-1
-1
-1
-1
-1
-1
-1
-1
-1
-1
-1
0 9 24
2 26 9
2 27 9
2 28 9
2 29 9
2 30 9
2 31 9
2 32 9
2 33 9
2 34 9
2 35 9
2 36 9
2 37 9
2 38 9
2 39 9
2 40 9
2 41 9
2 42 9
2 43 9
4 44 9
1 44 8
1 44 7
1 44 6
1 44 5
1 44 4
-1
-1
-1
-1
-1
-1
-1
-1
-1
0 44 3
1 23 39
1 23 38
1 23 37
1 23 36
-1
-1
-1
-1
-1
-1
-1
-1
-1
-1
-1
-1
-1
-1
-1
-1
0 23 35
3 0 45
2 1 45
2 2 45
2 3 45
2 4 45
2 5 45
2 6 45
2 7 45
2 8 45
2 9 45
2 10 45
2 11 45
2 12 45
2 13 45
2 14 45
2 15 45
2 16 45
-1
-1
-1
0 17 45
2 43 3
6 42 3
1 42 4
1 42 5
1 42 6
1 42 7
-1
-1
-1
-1
-1
-1
-1
-1
-1
0 42 8
4 44 42
2 43 42
2 42 42
2 41 42
2 40 42
2 39 42
2 38 42
2 37 42
2 36 42
2 35 42
6 34 42
1 34 43
1 34 44
1 34 45
0 34 46
2 41 8
2 40 8
2 39 8
2 38 8
2 37 8
2 36 8
-1
-1
-1
-1
-1
-1
0 35 8
6 8 24
1 8 25
1 8 26
1 8 27
1 8 28
1 8 29
-1
-1
-1
-1
-1
0 8 30
4 45 41
1 45 40
1 45 39
1 45 38
1 45 37
1 45 36
1 45 35
1 45 34
1 45 33
1 45 32
1 45 31
1 45 30
1 45 29
1 45 28
1 45 27
1 45 26
1 45 25
1 45 24
1 45 23
0 45 22
5 25 8
2 24 8
2 23 8
2 22 8
2 21 8
2 20 8
2 19 8
2 18 8
2 17 8
2 16 8
2 15 8
2 14 8
2 13 8
2 12 8
2 11 8
2 10 8
2 9 8
2 8 8
2 7 8
2 6 8
2 5 8
2 4 8
2 3 8
2 2 8
3 1 8
1 1 7
1 1 6
1 1 5
0 1 4
6 0 4
1 0 5
1 0 6
1 0 7
1 0 8
1 0 9
1 0 10
1 0 11
1 0 12
1 0 13
1 0 14
3 0 15
2 1 15
0 2 15
5 44 40
2 43 40
2 42 40
2 41 40
2 40 40
2 39 40
3 38 40
1 38 39
1 38 38
1 38 37
1 38 36
1 38 35
1 38 34
0 38 33
2 34 8
2 33 8
2 32 8
2 31 8
2 30 8
2 29 8
2 28 8
2 27 8
3 26 8
5 26 7
2 25 7
2 24 7
2 23 7
2 22 7
2 21 7
2 20 7
3 19 7
0 19 6
5 39 33
1 39 34
1 39 35
1 39 36
3 39 37
2 40 37
2 41 37
2 42 37
2 43 37
0 44 37
1 23 34
1 23 33
1 23 32
0 23 31
5 46 22
1 46 23
1 46 24
1 46 25
1 46 26
1 46 27
1 46 28
1 46 29
1 46 30
1 46 31
1 46 32
3 46 33
2 47 33
0 48 33
0 20 6
2 33 46
2 32 46
2 31 46
2 30 46
2 29 46
3 28 46
1 28 45
0 28 44
2 22 31
2 21 31
2 20 31
3 19 31
0 19 30
5 45 3
1 45 4
1 45 5
1 45 6
1 45 7
1 45 8
1 45 9
4 45 10
2 44 10
2 43 10
2 42 10
2 41 10
2 40 10
2 39 10
2 38 10
2 37 10
2 36 10
2 35 10
2 34 10
2 33 10
2 32 10
2 31 10
2 30 10
2 29 10
2 28 10
2 27 10
6 26 10
0 26 11
2 44 22
2 43 22
2 42 22
2 41 22
2 40 22
2 39 22
2 38 22
3 37 22
1 37 21
1 37 20
1 37 19
1 37 18
1 37 17
0 37 16
1 38 32
1 38 31
1 38 30
1 38 29
1 38 28
1 38 27
1 38 26
1 38 25
0 38 24
2 3 15
2 4 15
2 5 15
2 6 15
2 7 15
2 8 15
2 9 15
2 10 15
2 11 15
2 12 15
2 13 15
2 14 15
0 15 15
2 37 33
2 36 33
6 35 33
1 35 34
1 35 35
1 35 36
1 35 37
1 35 38
1 35 39
0 35 40
5 35 7
2 34 7
2 33 7
2 32 7
2 31 7
3 30 7
1 30 6
1 30 5
1 30 4
0 30 3
2 34 40
2 33 40
3 32 40
1 32 39
1 32 38
1 32 37
1 32 36
1 32 35
0 32 34
4 21 6
1 21 5
0 21 4
1 45 21
1 45 20
1 45 19
1 45 18
1 45 17
1 45 16
1 45 15
0 45 14
2 31 34
2 30 34
2 29 34
6 28 34
1 28 35
1 28 36
1 28 37
0 28 38
5 15 14
3 14 14
1 14 13
1 14 12
0 14 11
2 31 3
2 32 3
2 33 3
2 34 3
0 35 3
2 36 16
2 35 16
2 34 16
3 33 16
0 33 15
4 2 16
2 1 16
6 0 16
1 0 17
1 0 18
1 0 19
1 0 20
0 0 21
2 18 30
2 17 30
2 16 30
2 15 30
6 14 30
1 14 31
1 14 32
1 14 33
0 14 34
1 15 16
1 15 17
1 15 18
1 15 19
3 15 20
2 16 20
2 17 20
0 18 20
2 18 6
2 17 6
2 16 6
2 15 6
2 14 6
3 13 6
0 13 5
5 15 11
3 15 12
0 16 12
2 13 34
6 12 34
0 12 35
2 22 35
2 21 35
2 20 35
2 19 35
6 18 35
1 18 36
0 18 37
4 14 5
0 14 4
5 39 24
1 39 25
1 39 26
3 39 27
2 40 27
2 41 27
2 42 27
0 43 27
2 2 4
2 3 4
2 4 4
2 5 4
4 6 4
0 6 3
1 26 12
1 26 13
1 26 14
0 26 15
4 43 28
2 42 28
2 41 28
6 40 28
1 40 29
0 40 30
1 26 16
1 26 17
1 26 18
1 26 19
1 26 20
1 26 21
1 26 22
1 26 23
1 26 24
0 26 25
1 19 29
0 19 28
4 17 46
2 16 46
2 15 46
2 14 46
2 13 46
2 12 46
2 11 46
2 10 46
2 9 46
2 8 46
2 7 46
2 6 46
0 5 46
2 37 24
2 36 24
2 35 24
