0 5 22
1 5 23
1 5 24
1 5 25
1 5 26
1 5 27
1 5 28
1 5 29
1 5 30
1 5 31
1 5 32
1 5 33
3 5 34
2 6 34
2 7 34
2 8 34
2 9 34
2 10 34
2 11 34
2 12 34
2 13 34
2 14 34
2 15 34
2 16 34
2 17 34
2 18 34
2 19 34
2 20 34
2 21 34
2 22 34
2 23 34
2 24 34
2 25 34
2 26 34
2 27 34
2 28 34
2 29 34
2 30 34
2 31 34
2 32 34
2 33 34
2 34 34
2 35 34
0 36 34
5 36 33
2 35 33
3 34 33
1 34 32
1 34 31
1 34 30
1 34 29
1 34 28
1 34 27
1 34 26
1 34 25
1 34 24
1 34 23
1 34 22
1 34 21
1 34 20
1 34 19
1 34 18
1 34 17
1 34 16
0 34 15
2 4 22
3 3 22
1 3 21
1 3 20
-1
-1
-1
0 3 19
4 36 35
6 35 35
1 35 36
-1
-1
-1
-1
-1
-1
0 35 37
6 2 19
1 2 20
1 2 21
1 2 22
1 2 23
1 2 24
0 2 25
2 33 15
2 32 15
2 31 15
2 30 15
2 29 15
2 28 15
2 27 15
2 26 15
2 25 15
2 24 15
2 23 15
2 22 15
2 21 15
2 20 15
2 19 15
3 18 15
1 18 14
1 18 13
1 18 12
1 18 11
1 18 10
1 18 9
0 18 8
5 34 14
3 33 14
1 33 13
0 33 12
2 34 37
2 33 37
2 32 37
2 31 37
2 30 37
2 29 37
2 28 37
2 27 37
2 26 37
2 25 37
2 24 37
2 23 37
2 22 37
2 21 37
2 20 37
2 19 37
2 18 37
2 17 37
2 16 37
2 15 37
2 14 37
6 13 37
1 13 38
1 13 39
0 13 40
2 12 40
2 11 40
2 10 40
2 9 40
2 8 40
2 7 40
2 6 40
2 5 40
2 4 40
2 3 40
2 2 40
6 1 40
1 1 41
1 1 42
1 1 43
1 1 44
0 1 45
2 17 8
6 16 8
1 16 9
1 16 10
1 16 11
1 16 12
1 16 13
1 16 14
0 16 15
5 18 7
2 17 7
2 16 7
2 15 7
2 14 7
2 13 7
3 12 7
1 12 6
1 12 5
1 12 4
1 12 3
1 12 2
0 12 1
3 0 45
1 0 44
1 0 43
1 0 42
1 0 41
1 0 40
6 0 39
2 1 39
2 2 39
2 3 39
2 4 39
2 5 39
2 6 39
2 7 39
4 8 39
0 8 38
2 32 12
2 31 12
2 30 12
3 29 12
1 29 11
1 29 10
0 29 9
4 3 25
1 3 24
0 3 23
1 13 41
1 13 42
3 13 43
2 14 43
2 15 43
0 16 43
5 3 18
3 2 18
1 2 17
1 2 16
1 2 15
1 2 14
0 2 13
5 19 8
1 19 9
1 19 10
1 19 11
1 19 12
3 19 13
2 20 13
2 21 13
2 22 13
0 23 13
2 15 15
2 14 15
3 13 15
1 13 14
1 13 13
1 13 12
0 13 11
1 16 16
1 16 17
1 16 18
1 16 19
1 16 20
1 16 21
1 16 22
1 16 23
1 16 24
1 16 25
1 16 26
1 16 27
1 16 28
1 16 29
1 16 30
1 16 31
0 16 32
2 34 12
2 35 12
2 36 12
2 37 12
2 38 12
2 39 12
4 40 12
1 40 11
0 40 10
6 28 9
1 28 10
1 28 11
1 28 12
1 28 13
0 28 14
2 7 38
2 6 38
2 5 38
3 4 38
1 4 37
1 4 36
1 4 35
0 4 34
5 23 12
2 22 12
2 21 12
3 20 12
1 20 11
1 20 10
1 20 9
1 20 8
1 20 7
0 20 6
4 16 44
2 15 44
2 14 44
2 13 44
2 12 44
2 11 44
6 10 44
0 10 45
2 15 32
2 14 32
2 13 32
2 12 32
3 11 32
1 11 31
0 11 30
4 35 15
1 35 14
0 35 13
2 6 22
2 7 22
2 8 22
2 9 22
2 10 22
2 11 22
2 12 22
2 13 22
2 14 22
4 15 22
0 15 21
5 37 34
3 37 35
2 38 35
2 39 35
0 40 35
2 12 11
2 11 11
2 10 11
3 9 11
1 9 10
0 9 9
2 14 40
2 15 40
4 16 40
0 16 39
2 41 10
2 42 10
2 43 10
2 44 10
2 45 10
4 46 10
1 46 9
1 46 8
1 46 7
1 46 6
1 46 5
1 46 4
0 46 3
5 36 13
1 36 14
1 36 15
1 36 16
1 36 17
1 36 18
1 36 19
1 36 20
3 36 21
2 37 21
2 38 21
2 39 21
2 40 21
2 41 21
2 42 21
2 43 21
2 44 21
2 45 21
0 46 21
2 17 32
2 18 32
2 19 32
2 20 32
2 21 32
2 22 32
2 23 32
4 24 32
1 24 31
1 24 30
1 24 29
1 24 28
0 24 27
6 8 9
1 8 10
1 8 11
1 8 12
1 8 13
3 8 14
0 9 14
5 17 39
3 17 40
2 18 40
2 19 40
0 20 40
4 14 11
1 14 10
1 14 9
0 14 8
2 23 27
2 22 27
2 21 27
3 20 27
1 20 26
1 20 25
0 20 24
2 11 1
2 10 1
2 9 1
2 8 1
2 7 1
6 6 1
1 6 2
0 6 3
1 20 41
1 20 42
1 20 43
1 20 44
3 20 45
2 21 45
2 22 45
2 23 45
2 24 45
2 25 45
0 26 45
3 9 45
1 9 44
0 9 43
2 9 38
2 10 38
2 11 38
4 12 38
1 12 37
6 12 36
2 13 36
2 14 36
2 15 36
2 16 36
2 17 36
2 18 36
2 19 36
4 20 36
0 20 35
2 13 1
2 14 1
0 15 1
1 35 38
1 35 39
0 35 40
1 20 5
0 20 4
2 45 3
2 44 3
2 43 3
2 42 3
2 41 3
3 40 3
0 40 2
2 14 21
2 13 21
2 12 21
3 11 21
0 11 20
2 12 30
2 13 30
2 14 30
4 15 30
0 15 29
2 4 19
0 5 19
1 33 11
1 33 10
0 33 9
2 34 40
2 33 40
2 32 40
2 31 40
2 30 40
0 29 40
2 21 35
2 22 35
2 23 35
2 24 35
0 25 35
4 47 21
1 47 20
0 47 19
5 29 8
2 28 8
3 27 8
1 27 7
1 27 6
1 27 5
0 27 4
5 47 3
1 47 4
1 47 5
1 47 6
1 47 7
1 47 8
0 47 9
4 25 27
1 25 26
1 25 25
0 25 24
5 17 43
1 17 44
1 17 45
1 17 46
1 17 47
3 17 48
2 18 48
2 19 48
0 20 48
1 40 36
1 40 37
1 40 38
1 40 39
1 40 40
1 40 41
1 40 42
1 40 43
1 40 44
1 40 45
1 40 46
3 40 47
2 41 47
2 42 47
0 43 47
4 46 22
2 45 22
6 44 22
1 44 23
1 44 24
0 44 25
5 40 34
2 39 34
3 38 34
1 38 33
1 38 32
1 38 31
1 38 30
0 38 29
4 3 13
1 3 12
1 3 11
1 3 10
0 3 9
5 41 35
1 41 36
1 41 37
1 41 38
3 41 39
2 42 39
2 43 39
2 44 39
0 45 39
2 26 24
2 27 24
2 28 24
2 29 24
2 30 24
2 31 24
2 32 24
4 33 24
1 33 23
1 33 22
1 33 21
0 33 20
3 25 36
2 26 36
2 27 36
2 28 36
2 29 36
2 30 36
2 31 36
2 32 36
2 33 36
0 34 36
2 39 10
3 38 10
0 38 9
2 46 19
2 45 19
0 44 19
3 16 33
2 17 33
2 18 33
2 19 33
2 20 33
2 21 33
2 22 33
2 23 33
2 24 33
2 25 33
2 26 33
2 27 33
2 28 33
2 29 33
4 30 33
1 30 32
1 30 31
1 30 30
1 30 29
0 30 28
0 47 10
-1
-1
-1
-1
-1
-1
-1
-1
-1
-1
-1
-1
-1
-1
-1
-1
-1
-1
-1
-1
-1
-1
-1
-1
-1
-1
-1
-1
-1
-1
-1
-1
-1
-1
-1
-1
-1
-1
-1
-1
-1
-1
-1
-1
-1
-1
-1
-1
-1
-1
-1
-1
-1
-1
-1
-1
-1
-1
-1
-1
-1
-1
-1
-1
-1
-1
-1
-1
-1
-1
-1
-1
-1
-1
-1
-1
-1
-1
-1
-1
-1
-1
-1
-1
-1
-1
-1
-1
-1
-1
-1
-1
-1
-1
-1
-1
-1
-1
-1
-1
-1
-1
-1
-1
-1
-1
-1
-1
-1
-1
-1
-1
-1
-1
-1
-1
-1
-1
-1
-1
-1
-1
-1
-1
-1
-1
-1
-1
-1
-1
-1
-1
-1
-1
-1
-1
-1
-1
-1
-1
-1
-1
-1
-1
-1
-1
-1
-1
-1
-1
-1
-1
-1
-1
-1
-1
-1
-1
-1
-1
-1
-1
-1
-1
-1
-1
-1
-1
-1
-1
-1
-1
-1
-1
-1
-1
-1
-1
-1
-1
-1
-1
-1
-1
-1
-1
-1
-1
-1
-1
-1
-1
-1
-1
-1
-1
-1
-1
-1
-1
-1
