0 4 2
1 4 3
1 4 4
1 4 5
1 4 6
1 4 7
1 4 8
1 4 9
1 4 10
1 4 11
1 4 12
1 4 13
1 4 14
1 4 15
1 4 16
1 4 17
3 4 18
2 5 18
2 6 18
2 7 18
2 8 18
2 9 18
2 10 18
2 11 18
2 12 18
2 13 18
2 14 18
2 15 18
2 16 18
2 17 18
2 18 18
2 19 18
2 20 18
2 21 18
2 22 18
2 23 18
2 24 18
2 25 18
2 26 18
2 27 18
2 28 18
2 29 18
2 30 18
2 31 18
2 32 18
2 33 18
2 34 18
2 35 18
2 36 18
2 37 18
2 38 18
0 39 18
4 39 19
2 38 19
2 37 19
2 36 19
2 35 19
6 34 19
1 34 20
1 34 21
1 34 22
1 34 23
1 34 24
1 34 25
1 34 26
1 34 27
1 34 28
1 34 29
1 34 30
1 34 31
1 34 32
1 34 33
1 34 34
1 34 35
1 34 36
1 34 37
1 34 38
1 34 39
1 34 40
1 34 41
1 34 42
1 34 43
1 34 44
1 34 45
1 34 46
-1
-1
-1
-1
-1
-1
-1
-1
-1
-1
-1
-1
-1
-1
-1
-1
-1
-1
-1
-1
-1
-1
-1
-1
-1
-1
-1
-1
-1
-1
-1
-1
-1
-1
-1
-1
-1
-1
-1
-1
-1
-1
-1
0 34 47
2 33 47
2 32 47
2 31 47
2 30 47
3 29 47
1 29 46
1 29 45
1 29 44
1 29 43
1 29 42
1 29 41
1 29 40
-1
-1
-1
-1
-1
-1
-1
-1
-1
-1
-1
-1
-1
-1
-1
-1
-1
-1
-1
-1
-1
-1
0 29 39
4 34 48
2 33 48
2 32 48
2 31 48
2 30 48
2 29 48
2 28 48
2 27 48
2 26 48
2 25 48
2 24 48
2 23 48
2 22 48
2 21 48
2 20 48
2 19 48
2 18 48
3 17 48
-1
-1
-1
-1
-1
-1
-1
-1
-1
0 17 47
2 3 2
6 2 2
1 2 3
1 2 4
1 2 5
1 2 6
1 2 7
1 2 8
1 2 9
1 2 10
1 2 11
1 2 12
1 2 13
1 2 14
-1
-1
-1
-1
-1
-1
-1
0 2 15
2 35 47
2 36 47
2 37 47
2 38 47
4 39 47
1 39 46
-1
-1
-1
-1
-1
-1
-1
-1
-1
0 39 45
2 28 39
2 27 39
2 26 39
3 25 39
1 25 38
1 25 37
1 25 36
1 25 35
1 25 34
1 25 33
1 25 32
1 25 31
1 25 30
1 25 29
1 25 28
1 25 27
1 25 26
1 25 25
1 25 24
1 25 23
0 25 22
5 39 17
2 38 17
2 37 17
2 36 17
2 35 17
3 34 17
1 34 16
1 34 15
1 34 14
1 34 13
1 34 12
0 34 11
2 16 47
2 15 47
3 14 47
1 14 46
1 14 45
1 14 44
1 14 43
1 14 42
1 14 41
1 14 40
1 14 39
1 14 38
1 14 37
1 14 36
0 14 35
5 15 35
1 15 36
1 15 37
3 15 38
0 16 38
2 5 2
2 6 2
2 7 2
2 8 2
-1
0 9 2
2 13 35
2 12 35
2 11 35
2 10 35
2 9 35
2 8 35
2 7 35
2 6 35
2 5 35
2 4 35
2 3 35
2 2 35
6 1 35
1 1 36
1 1 37
1 1 38
1 1 39
0 1 40
4 9 3
2 8 3
2 7 3
2 6 3
6 5 3
1 5 4
0 5 5
0 40 45
2 35 11
2 36 11
4 37 11
1 37 10
1 37 9
1 37 8
1 37 7
0 37 6
5 40 18
1 40 19
1 40 20
1 40 21
1 40 22
3 40 23
2 41 23
2 42 23
2 43 23
0 44 23
1 2 16
1 2 17
1 2 18
1 2 19
3 2 20
2 3 20
0 4 20
4 41 45
1 41 44
1 41 43
1 41 42
0 41 41
5 26 22
3 26 23
2 27 23
2 28 23
2 29 23
2 30 23
2 31 23
2 32 23
0 33 23
4 33 24
2 32 24
2 31 24
2 30 24
6 29 24
1 29 25
1 29 26
0 29 27
1 1 41
1 1 42
3 1 43
2 2 43
2 3 43
2 4 43
2 5 43
2 6 43
0 7 43
1 41 40
1 41 39
1 41 38
1 41 37
0 41 36
2 33 11
2 32 11
2 31 11
2 30 11
2 29 11
6 28 11
0 28 12
5 33 22
2 32 22
2 31 22
0 30 22
4 44 24
2 43 24
2 42 24
2 41 24
2 40 24
2 39 24
2 38 24
2 37 24
0 36 24
5 10 2
3 10 3
2 11 3
2 12 3
2 13 3
2 14 3
2 15 3
2 16 3
2 17 3
2 18 3
2 19 3
2 20 3
2 21 3
0 22 3
6 0 40
1 0 41
1 0 42
1 0 43
1 0 44
1 0 45
1 0 46
3 0 47
0 1 47
2 27 12
2 26 12
2 25 12
2 24 12
6 23 12
0 23 13
1 29 28
1 29 29
1 29 30
3 29 31
2 30 31
2 31 31
2 32 31
0 33 31
2 18 47
2 19 47
2 20 47
0 21 47
6 36 23
4 37 23
1 37 22
0 37 21
5 14 34
2 13 34
2 12 34
2 11 34
3 10 34
1 10 33
1 10 32
1 10 31
1 10 30
1 10 29
0 10 28
5 42 36
3 42 37
2 43 37
2 44 37
2 45 37
2 46 37
0 47 37
6 35 24
1 35 25
0 35 26
5 11 28
1 11 29
3 11 30
0 12 30
2 40 41
2 39 41
0 38 41
3 1 15
1 1 14
1 1 13
0 1 12
1 5 6
1 5 7
1 5 8
1 5 9
1 5 10
1 5 11
1 5 12
1 5 13
1 5 14
3 5 15
2 6 15
2 7 15
0 8 15
3 40 46
2 41 46
2 42 46
2 43 46
2 44 46
0 45 46
5 6 5
1 6 6
1 6 7
1 6 8
3 6 9
0 7 9
2 46 46
4 47 46
1 47 45
1 47 44
0 47 43
2 24 22
2 23 22
2 22 22
2 21 22
2 20 22
2 19 22
6 18 22
1 18 23
1 18 24
0 18 25
1 7 8
1 7 7
0 7 6
2 30 39
2 31 39
4 32 39
1 32 38
0 32 37
2 38 6
2 39 6
2 40 6
4 41 6
1 41 5
1 41 4
0 41 3
2 8 9
2 9 9
2 10 9
2 11 9
0 12 9
5 22 2
2 21 2
2 20 2
2 19 2
2 18 2
0 17 2
5 17 46
2 16 46
3 15 46
1 15 45
0 15 44
4 42 41
1 42 40
0 42 39
2 22 47
2 23 47
2 24 47
2 25 47
2 26 47
0 27 47
-1
-1
-1
-1
-1
-1
-1
-1
-1
-1
-1
-1
-1
-1
-1
-1
-1
-1
-1
-1
-1
-1
-1
-1
-1
-1
-1
-1
-1
-1
-1
-1
-1
-1
-1
-1
-1
-1
-1
-1
-1
-1
-1
-1
-1
-1
-1
-1
-1
-1
-1
-1
-1
-1
-1
-1
-1
-1
-1
-1
-1
-1
-1
-1
-1
-1
-1
-1
-1
-1
-1
-1
-1
-1
-1
-1
-1
-1
-1
-1
-1
-1
-1
-1
-1
-1
-1
-1
-1
-1
-1
-1
-1
-1
-1
-1
-1
-1
-1
-1
-1
-1
-1
-1
-1
-1
-1
-1
-1
-1
-1
-1
-1
-1
-1
-1
-1
-1
-1
-1
-1
-1
-1
-1
-1
-1
-1
-1
-1
-1
-1
-1
-1
-1
-1
-1
-1
-1
-1
-1
-1
-1
-1
-1
-1
-1
-1
-1
-1
-1
-1
-1
-1
-1
-1
-1
-1
-1
-1
-1
-1
-1
-1
-1
-1
-1
-1
-1
-1
-1
-1
-1
-1
-1
-1
-1
-1
-1
-1
-1
-1
-1
-1
-1
-1
-1
-1
-1
-1
-1
-1
-1
-1
-1
-1
-1
-1
-1
-1
-1
-1
-1
-1
-1
-1
-1
-1
-1
-1
-1
-1
-1
-1
-1
-1
-1
-1
-1
-1
-1
-1
-1
-1
-1
-1
-1
-1
-1
-1
-1
-1
-1
-1
-1
-1
-1
-1
-1
-1
-1
-1
-1
-1
-1
-1
-1
-1
