0 1 40
2 2 40
2 3 40
2 4 40
2 5 40
2 6 40
2 7 40
2 8 40
2 9 40
2 10 40
2 11 40
2 12 40
4 13 40
1 13 39
1 13 38
1 13 37
1 13 36
1 13 35
1 13 34
1 13 33
1 13 32
1 13 31
1 13 30
1 13 29
1 13 28
1 13 27
1 13 26
1 13 25
1 13 24
0 13 23
2 14 23
2 15 23
2 16 23
2 17 23
2 18 23
2 19 23
2 20 23
2 21 23
2 22 23
2 23 23
2 24 23
2 25 23
2 26 23
2 27 23
2 28 23
2 29 23
2 30 23
4 31 23
1 31 22
1 31 21
1 31 20
1 31 19
1 31 18
1 31 17
1 31 16
1 31 15
1 31 14
1 31 13
1 31 12
-1
-1
-1
-1
-1
-1
-1
-1
-1
-1
-1
-1
-1
-1
-1
-1
-1
-1
-1
-1
-1
-1
-1
-1
-1
-1
-1
-1
-1
-1
-1
-1
-1
-1
-1
-1
-1
-1
-1
-1
-1
-1
-1
-1
-1
-1
-1
-1
-1
-1
-1
-1
-1
-1
-1
-1
0 31 11
5 32 11
1 32 12
1 32 13
1 32 14
1 32 15
1 32 16
1 32 17
1 32 18
1 32 19
1 32 20
1 32 21
1 32 22
1 32 23
4 32 24
2 31 24
2 30 24
-1
-1
-1
-1
-1
-1
-1
-1
-1
-1
-1
-1
-1
-1
-1
-1
-1
-1
-1
-1
-1
-1
-1
-1
-1
-1
-1
-1
-1
-1
0 29 24
2 12 23
2 11 23
2 10 23
3 9 23
1 9 22
1 9 21
-1
-1
-1
-1
-1
-1
-1
-1
-1
-1
-1
-1
-1
-1
-1
-1
-1
-1
-1
-1
-1
-1
-1
0 9 20
6 31 10
2 32 10
2 33 10
2 34 10
2 35 10
4 36 10
1 36 9
1 36 8
1 36 7
1 36 6
1 36 5
1 36 4
-1
-1
-1
-1
-1
-1
-1
-1
-1
-1
-1
-1
-1
0 36 3
2 8 20
2 7 20
2 6 20
2 5 20
2 4 20
6 3 20
1 3 21
1 3 22
1 3 23
1 3 24
1 3 25
-1
-1
-1
-1
-1
-1
-1
-1
-1
-1
0 3 26
3 29 25
2 30 25
2 31 25
2 32 25
2 33 25
2 34 25
-1
-1
-1
-1
-1
-1
-1
-1
-1
0 35 25
3 1 41
2 2 41
2 3 41
2 4 41
2 5 41
2 6 41
2 7 41
2 8 41
2 9 41
2 10 41
2 11 41
2 12 41
2 13 41
2 14 41
4 15 41
-1
0 15 40
4 35 26
2 34 26
6 33 26
1 33 27
1 33 28
1 33 29
1 33 30
1 33 31
1 33 32
1 33 33
1 33 34
1 33 35
1 33 36
1 33 37
1 33 38
1 33 39
1 33 40
1 33 41
1 33 42
0 33 43
5 36 25
1 36 26
1 36 27
1 36 28
3 36 29
2 37 29
2 38 29
2 39 29
2 40 29
2 41 29
2 42 29
2 43 29
0 44 29
6 0 40
1 0 41
1 0 42
1 0 43
1 0 44
1 0 45
3 0 46
2 1 46
2 2 46
2 3 46
2 4 46
2 5 46
0 6 46
2 16 40
2 17 40
4 18 40
1 18 39
1 18 38
1 18 37
1 18 36
1 18 35
1 18 34
1 18 33
0 18 32
6 35 3
1 35 4
-1
-1
0 35 5
6 1 39
2 2 39
4 3 39
1 3 38
1 3 37
1 3 36
1 3 35
-1
0 3 34
1 44 28
1 44 27
1 44 26
1 44 25
1 44 24
1 44 23
1 44 22
1 44 21
1 44 20
1 44 19
0 44 18
2 30 11
2 29 11
2 28 11
2 27 11
2 26 11
2 25 11
2 24 11
2 23 11
2 22 11
2 21 11
2 20 11
2 19 11
2 18 11
3 17 11
1 17 10
1 17 9
1 17 8
0 17 7
5 37 3
1 37 4
1 37 5
1 37 6
1 37 7
1 37 8
1 37 9
1 37 10
4 37 11
2 36 11
0 35 11
2 19 32
2 20 32
2 21 32
2 22 32
2 23 32
2 24 32
4 25 32
0 25 31
6 43 18
1 43 19
0 43 20
2 16 7
2 15 7
2 14 7
2 13 7
2 12 7
2 11 7
2 10 7
2 9 7
2 8 7
2 7 7
2 6 7
6 5 7
0 5 8
3 5 9
2 6 9
2 7 9
2 8 9
2 9 9
2 10 9
2 11 9
0 12 9
2 4 34
0 5 34
2 34 43
2 35 43
2 36 43
2 37 43
2 38 43
2 39 43
4 40 43
1 40 42
1 40 41
1 40 40
1 40 39
0 40 38
1 17 6
1 17 5
0 17 4
5 26 31
1 26 32
4 26 33
2 25 33
2 24 33
2 23 33
2 22 33
2 21 33
2 20 33
6 19 33
1 19 34
0 19 35
2 4 8
2 3 8
3 2 8
0 2 7
2 45 18
0 46 18
2 16 4
2 15 4
2 14 4
2 13 4
2 12 4
2 11 4
0 10 4
5 6 45
2 5 45
0 4 45
1 12 10
1 12 11
1 12 12
1 12 13
3 12 14
0 13 14
3 13 15
2 14 15
2 15 15
2 16 15
2 17 15
2 18 15
2 19 15
2 20 15
2 21 15
0 22 15
6 1 7
1 1 8
1 1 9
1 1 10
1 1 11
1 1 12
3 1 13
2 2 13
0 3 13
2 23 15
2 24 15
0 25 15
2 7 46
2 8 46
2 9 46
2 10 46
2 11 46
2 12 46
2 13 46
2 14 46
4 15 46
0 15 45
2 28 24
2 27 24
2 26 24
2 25 24
6 24 24
0 24 25
2 2 34
6 1 34
1 1 35
1 1 36
1 1 37
0 1 38
2 14 45
2 13 45
2 12 45
2 11 45
3 10 45
0 10 44
4 22 16
2 21 16
2 20 16
2 19 16
2 18 16
2 17 16
6 16 16
0 16 17
2 39 38
2 38 38
2 37 38
2 36 38
3 35 38
1 35 37
1 35 36
0 35 35
1 35 24
1 35 23
1 35 22
1 35 21
0 35 20
2 17 32
2 16 32
3 15 32
1 15 31
1 15 30
1 15 29
1 15 28
0 15 27
2 18 4
2 19 4
2 20 4
2 21 4
2 22 4
2 23 4
4 24 4
1 24 3
1 24 2
0 24 1
6 36 2
2 37 2
2 38 2
2 39 2
4 40 2
0 40 1
2 4 13
0 5 13
6 22 14
0 23 14
5 18 7
3 18 8
2 19 8
0 20 8
2 34 5
3 33 5
1 33 4
0 33 3
4 10 20
1 10 19
0 10 18
6 44 17
4 45 17
1 45 16
1 45 15
0 45 14
2 32 43
2 31 43
2 30 43
2 29 43
2 28 43
2 27 43
2 26 43
6 25 43
0 25 44
1 35 19
1 35 18
1 35 17
0 35 16
1 6 47
1 6 48
3 6 49
2 7 49
2 8 49
2 9 49
2 10 49
0 11 49
1 16 18
1 16 19
3 16 20
0 17 20
2 3 7
4 4 7
1 4 6
1 4 5
1 4 4
1 4 3
0 4 2
1 25 45
1 25 46
3 25 47
2 26 47
2 27 47
2 28 47
0 29 47
2 6 34
2 7 34
2 8 34
2 9 34
4 10 34
1 10 33
1 10 32
1 10 31
0 10 30
3 35 12
2 36 12
2 37 12
2 38 12
2 39 12
4 40 12
0 40 11
4 45 29
0 45 28
3 44 30
0 45 30
2 24 44
2 23 44
2 22 44
2 21 44
3 20 44
0 20 43
1 46 19
0 46 20
-1
-1
-1
-1
-1
-1
-1
-1
-1
-1
-1
-1
-1
-1
-1
-1
-1
-1
-1
-1
-1
-1
-1
-1
-1
-1
-1
-1
-1
-1
-1
-1
-1
-1
-1
-1
-1
-1
-1
-1
-1
-1
-1
-1
-1
-1
-1
-1
-1
-1
-1
-1
-1
-1
-1
-1
-1
-1
-1
-1
-1
-1
-1
-1
-1
-1
-1
-1
-1
-1
-1
-1
-1
-1
-1
-1
-1
-1
-1
-1
-1
-1
-1
-1
-1
-1
-1
-1
-1
-1
-1
-1
-1
-1
-1
-1
-1
-1
-1
-1
-1
-1
-1
-1
-1
-1
-1
-1
-1
-1
-1
-1
-1
-1
-1
-1
-1
-1
-1
-1
-1
-1
-1
-1
-1
-1
-1
-1
-1
-1
-1
-1
-1
-1
-1
-1
-1
-1
-1
-1
-1
-1
-1
-1
-1
-1
-1
-1
-1
-1
