0 10 1
1 10 2
1 10 3
1 10 4
1 10 5
1 10 6
1 10 7
1 10 8
1 10 9
1 10 10
1 10 11
1 10 12
1 10 13
1 10 14
1 10 15
1 10 16
1 10 17
1 10 18
1 10 19
1 10 20
1 10 21
1 10 22
1 10 23
1 10 24
1 10 25
1 10 26
1 10 27
1 10 28
3 10 29
2 11 29
2 12 29
2 13 29
2 14 29
2 15 29
2 16 29
2 17 29
2 18 29
2 19 29
2 20 29
2 21 29
2 22 29
2 23 29
2 24 29
2 25 29
2 26 29
2 27 29
2 28 29
2 29 29
2 30 29
2 31 29
2 32 29
2 33 29
2 34 29
2 35 29
2 36 29
0 37 29
4 37 30
6 36 30
1 36 31
1 36 32
1 36 33
1 36 34
1 36 35
1 36 36
1 36 37
1 36 38
-1
-1
-1
-1
-1
-1
-1
-1
-1
-1
-1
-1
-1
-1
-1
0 36 39
2 9 1
2 8 1
2 7 1
2 6 1
2 5 1
2 4 1
2 3 1
6 2 1
1 2 2
1 2 3
-1
-1
-1
-1
-1
-1
-1
-1
-1
-1
-1
-1
-1
-1
-1
-1
-1
-1
-1
-1
-1
-1
-1
0 2 4
1 36 40
3 36 41
2 37 41
2 38 41
2 39 41
2 40 41
2 41 41
2 42 41
2 43 41
2 44 41
-1
-1
-1
-1
-1
-1
-1
-1
-1
-1
-1
-1
-1
-1
-1
0 45 41
2 38 29
2 39 29
2 40 29
2 41 29
2 42 29
4 43 29
1 43 28
-1
-1
-1
-1
-1
-1
-1
-1
-1
-1
0 43 27
2 35 39
2 34 39
2 33 39
2 32 39
2 31 39
2 30 39
2 29 39
2 28 39
6 27 39
1 27 40
1 27 41
1 27 42
1 27 43
-1
-1
0 27 44
5 11 1
1 11 2
1 11 3
3 11 4
-1
-1
-1
-1
-1
-1
-1
0 12 4
4 37 39
1 37 38
-1
-1
-1
-1
-1
-1
-1
0 37 37
2 26 44
2 25 44
2 24 44
2 23 44
2 22 44
2 21 44
2 20 44
2 19 44
2 18 44
2 17 44
3 16 44
1 16 43
1 16 42
0 16 41
2 1 4
6 0 4
1 0 5
1 0 6
1 0 7
1 0 8
1 0 9
1 0 10
1 0 11
1 0 12
1 0 13
0 0 14
2 44 27
2 45 27
2 46 27
4 47 27
1 47 26
1 47 25
1 47 24
0 47 23
1 12 5
1 12 6
1 12 7
1 12 8
3 12 9
2 13 9
2 14 9
2 15 9
0 16 9
5 37 28
2 36 28
2 35 28
2 34 28
2 33 28
2 32 28
2 31 28
2 30 28
2 29 28
2 28 28
3 27 28
1 27 27
1 27 26
1 27 25
1 27 24
0 27 23
4 17 41
1 17 40
1 17 39
1 17 38
1 17 37
1 17 36
0 17 35
2 42 27
3 41 27
1 41 26
1 41 25
1 41 24
1 41 23
1 41 22
1 41 21
1 41 20
1 41 19
1 41 18
1 41 17
1 41 16
1 41 15
1 41 14
1 41 13
1 41 12
1 41 11
0 41 10
2 42 10
2 43 10
0 44 10
5 18 35
1 18 36
1 18 37
1 18 38
1 18 39
1 18 40
1 18 41
3 18 42
2 19 42
0 20 42
6 41 9
4 42 9
1 42 8
1 42 7
1 42 6
1 42 5
1 42 4
1 42 3
0 42 2
2 21 42
2 22 42
2 23 42
2 24 42
2 25 42
4 26 42
1 26 41
1 26 40
1 26 39
6 26 38
2 27 38
2 28 38
2 29 38
2 30 38
2 31 38
0 32 38
4 16 10
2 15 10
2 14 10
2 13 10
2 12 10
6 11 10
1 11 11
1 11 12
0 11 13
4 45 42
2 44 42
2 43 42
2 42 42
2 41 42
0 40 42
6 17 34
2 18 34
4 19 34
1 19 33
1 19 32
0 19 31
5 10 0
2 9 0
2 8 0
2 7 0
2 6 0
2 5 0
2 4 0
2 3 0
2 2 0
6 1 0
1 1 1
0 1 2
2 39 42
6 38 42
1 38 43
0 38 44
2 26 23
2 25 23
3 24 23
1 24 22
1 24 21
1 24 20
1 24 19
1 24 18
1 24 17
1 24 16
0 24 15
2 20 31
2 21 31
2 22 31
2 23 31
2 24 31
2 25 31
4 26 31
0 26 30
2 40 10
2 39 10
2 38 10
2 37 10
2 36 10
2 35 10
2 34 10
6 33 10
0 33 11
1 11 14
1 11 15
1 11 16
1 11 17
1 11 18
1 11 19
1 11 20
1 11 21
1 11 22
1 11 23
1 11 24
1 11 25
1 11 26
1 11 27
3 11 28
2 12 28
2 13 28
2 14 28
2 15 28
0 16 28
2 15 41
2 14 41
2 13 41
2 12 41
2 11 41
2 10 41
2 9 41
2 8 41
0 7 41
1 33 12
1 33 13
1 33 14
1 33 15
1 33 16
3 33 17
2 34 17
2 35 17
2 36 17
0 37 17
1 37 18
3 37 19
2 38 19
0 39 19
5 17 9
1 17 10
1 17 11
1 17 12
1 17 13
1 17 14
1 17 15
0 17 16
1 7 42
3 7 43
0 8 43
2 6 41
2 5 41
2 4 41
2 3 41
2 2 41
2 1 41
3 0 41
1 0 40
1 0 39
1 0 38
1 0 37
1 0 36
1 0 35
0 0 34
1 24 14
1 24 13
1 24 12
1 24 11
1 24 10
1 24 9
1 24 8
0 24 7
5 7 40
2 6 40
3 5 40
1 5 39
0 5 38
1 17 17
1 17 18
1 17 19
1 17 20
1 17 21
0 17 22
4 38 37
1 38 36
1 38 35
1 38 34
0 38 33
5 28 23
1 28 24
1 28 25
3 28 26
2 29 26
0 30 26
1 0 15
1 0 16
3 0 17
2 1 17
2 2 17
2 3 17
2 4 17
2 5 17
2 6 17
2 7 17
2 8 17
0 9 17
1 27 45
3 27 46
2 28 46
2 29 46
2 30 46
2 31 46
0 32 46
2 45 10
2 46 10
4 47 10
1 47 9
1 47 8
1 47 7
1 47 6
0 47 5
4 1 34
1 1 33
1 1 32
1 1 31
1 1 30
1 1 29
1 1 28
1 1 27
1 1 26
1 1 25
1 1 24
0 1 23
2 18 31
2 17 31
2 16 31
2 15 31
2 14 31
0 13 31
3 2 5
0 3 5
1 47 22
1 47 21
1 47 20
1 47 19
1 47 18
0 47 17
4 33 38
1 33 37
1 33 36
1 33 35
1 33 34
0 33 33
4 1 14
0 1 13
3 0 23
1 0 22
1 0 21
1 0 20
0 0 19
6 32 11
1 32 12
1 32 13
1 32 14
1 32 15
0 32 16
2 43 2
2 44 2
4 45 2
0 45 1
2 4 38
6 3 38
1 3 39
0 3 40
-1
-1
-1
-1
-1
-1
-1
-1
-1
-1
-1
-1
-1
-1
-1
-1
-1
-1
-1
-1
-1
-1
-1
-1
-1
-1
-1
-1
-1
-1
-1
-1
-1
-1
-1
-1
-1
-1
-1
-1
-1
-1
-1
-1
-1
-1
-1
-1
-1
-1
-1
-1
-1
-1
-1
-1
-1
-1
-1
-1
-1
-1
-1
-1
-1
-1
-1
-1
-1
-1
-1
-1
-1
-1
-1
-1
-1
-1
-1
-1
-1
-1
-1
-1
-1
-1
-1
-1
-1
-1
-1
-1
-1
-1
-1
-1
-1
-1
-1
-1
-1
-1
-1
-1
-1
-1
-1
-1
-1
-1
-1
-1
-1
-1
-1
-1
-1
-1
-1
-1
-1
-1
-1
-1
-1
-1
-1
-1
-1
-1
-1
-1
-1
-1
-1
-1
-1
-1
-1
-1
-1
-1
-1
-1
-1
-1
-1
-1
-1
-1
-1
-1
-1
-1
-1
-1
-1
-1
-1
-1
-1
-1
-1
-1
-1
-1
-1
-1
-1
-1
-1
-1
-1
-1
-1
-1
-1
-1
-1
-1
-1
-1
-1
-1
-1
-1
-1
-1
-1
-1
-1
-1
-1
-1
-1
-1
-1
-1
-1
-1
-1
-1
-1
-1
-1
-1
-1
-1
-1
-1
-1
-1
-1
-1
-1
-1
-1
-1
-1
-1
-1
-1
-1
-1
-1
-1
-1
-1
-1
-1
-1
-1
-1
-1
-1
-1
