0 15 44
2 16 44
2 17 44
2 18 44
2 19 44
2 20 44
2 21 44
2 22 44
4 23 44
1 23 43
1 23 42
1 23 41
1 23 40
1 23 39
1 23 38
1 23 37
1 23 36
1 23 35
1 23 34
1 23 33
0 23 32
5 24 32
1 24 33
3 24 34
2 25 34
2 26 34
-1
-1
-1
2 27 34
-1
-1
-1
2 28 34
-1
-1
-1
2 29 34
-1
-1
-1
2 30 34
-1
-1
-1
-1
2 31 34
-1
-1
-1
2 32 34
-1
-1
-1
2 33 34
-1
-1
-1
2 34 34
-1
-1
-1
2 35 34
-1
-1
-1
2 36 34
-1
-1
-1
-1
2 37 34
-1
-1
-1
2 38 34
-1
-1
-1
2 39 34
-1
-1
-1
2 40 34
-1
-1
-1
2 41 34
-1
-1
-1
2 42 34
-1
-1
-1
-1
2 43 34
-1
-1
-1
2 44 34
-1
-1
-1
2 45 34
-1
-1
-1
2 46 34
-1
-1
-1
2 47 34
-1
-1
-1
-1
-1
-1
-1
-1
-1
-1
-1
-1
-1
-1
-1
-1
-1
-1
-1
-1
-1
-1
-1
-1
-1
-1
-1
-1
-1
-1
-1
-1
-1
-1
-1
-1
-1
-1
-1
-1
-1
-1
-1
-1
-1
-1
-1
-1
-1
-1
-1
-1
-1
-1
-1
-1
-1
-1
-1
-1
-1
-1
-1
-1
-1
-1
-1
-1
-1
-1
-1
-1
-1
-1
-1
-1
-1
-1
-1
-1
-1
-1
-1
-1
-1
-1
-1
-1
-1
-1
-1
-1
-1
-1
-1
-1
-1
-1
-1
-1
-1
-1
-1
-1
-1
-1
-1
-1
-1
-1
-1
-1
-1
-1
-1
-1
-1
-1
-1
-1
-1
-1
-1
-1
-1
-1
-1
-1
-1
-1
-1
-1
-1
-1
-1
-1
-1
-1
-1
-1
-1
-1
-1
-1
-1
-1
-1
-1
-1
-1
-1
-1
-1
-1
-1
-1
-1
-1
-1
-1
-1
-1
-1
-1
-1
-1
-1
-1
-1
-1
-1
-1
-1
-1
-1
-1
-1
-1
-1
-1
-1
-1
-1
-1
-1
-1
-1
-1
-1
-1
-1
-1
-1
-1
-1
-1
-1
-1
-1
-1
-1
-1
-1
-1
-1
-1
-1
-1
0 48 34
-1
2 22 32
-1
2 21 32
-1
2 20 32
-1
2 19 32
-1
3 18 32
-1
1 18 31
-1
1 18 30
1 18 29
-1
1 18 28
-1
1 18 27
-1
1 18 26
-1
1 18 25
-1
1 18 24
-1
1 18 23
-1
1 18 22
-1
1 18 21
-1
1 18 20
-1
1 18 19
-1
1 18 18
-1
1 18 17
1 18 16
-1
1 18 15
-1
1 18 14
-1
1 18 13
-1
1 18 12
-1
1 18 11
-1
1 18 10
-1
1 18 9
-1
1 18 8
-1
1 18 7
-1
1 18 6
-1
1 18 5
-1
1 18 4
-1
-1
-1
-1
-1
-1
-1
-1
-1
-1
-1
-1
-1
-1
-1
-1
-1
-1
-1
-1
-1
-1
-1
-1
-1
-1
-1
-1
-1
-1
-1
-1
-1
-1
-1
-1
-1
-1
-1
-1
-1
-1
-1
-1
-1
-1
-1
-1
-1
-1
-1
-1
-1
-1
-1
-1
-1
-1
-1
-1
-1
-1
-1
-1
-1
-1
-1
-1
-1
-1
-1
-1
-1
-1
-1
-1
-1
-1
-1
-1
-1
-1
-1
-1
-1
-1
-1
-1
-1
-1
-1
-1
-1
-1
-1
0 18 3
2 17 3
2 16 3
2 15 3
2 14 3
2 13 3
2 12 3
2 11 3
2 10 3
2 9 3
2 8 3
2 7 3
6 6 3
1 6 4
1 6 5
1 6 6
1 6 7
1 6 8
-1
-1
-1
-1
-1
-1
-1
-1
-1
-1
-1
-1
-1
-1
-1
-1
-1
-1
-1
-1
-1
-1
-1
-1
-1
-1
-1
-1
-1
-1
-1
-1
-1
-1
-1
-1
-1
-1
-1
0 6 9
1 6 10
1 6 11
1 6 12
1 6 13
1 6 14
1 6 15
1 6 16
1 6 17
1 6 18
1 6 19
3 6 20
2 7 20
2 8 20
2 9 20
2 10 20
2 11 20
2 12 20
2 13 20
2 14 20
2 15 20
2 16 20
-1
-1
-1
-1
-1
-1
-1
-1
-1
-1
-1
-1
-1
-1
-1
-1
-1
-1
-1
-1
-1
-1
-1
-1
-1
-1
-1
-1
-1
-1
-1
-1
0 17 20
6 5 9
1 5 10
1 5 11
1 5 12
1 5 13
-1
-1
-1
-1
-1
-1
-1
-1
-1
-1
-1
-1
-1
-1
-1
-1
-1
-1
-1
-1
-1
-1
-1
-1
-1
-1
-1
-1
-1
0 5 14
6 23 31
2 24 31
2 25 31
2 26 31
2 27 31
2 28 31
2 29 31
2 30 31
2 31 31
4 32 31
1 32 30
1 32 29
-1
-1
-1
-1
-1
-1
-1
-1
-1
-1
-1
-1
-1
-1
-1
-1
-1
-1
-1
-1
-1
-1
-1
0 32 28
2 7 9
2 8 9
2 9 9
2 10 9
2 11 9
2 12 9
2 13 9
2 14 9
4 15 9
1 15 8
1 15 7
1 15 6
-1
-1
-1
-1
-1
-1
-1
-1
-1
-1
-1
-1
-1
-1
-1
-1
0 15 5
-1
-1
-1
-1
-1
-1
-1
1 20 2
1 20 3
1 20 4
1 20 5
1 20 6
1 20 7
1 20 8
1 20 9
1 20 10
1 20 11
1 20 12
1 20 13
1 20 14
1 20 15
1 20 16
1 20 17
1 20 18
1 20 19
1 20 20
1 20 21
1 20 22
1 20 23
1 20 24
1 20 25
1 20 26
3 20 27
2 21 27
2 22 27
2 23 27
2 24 27
2 25 27
2 26 27
2 27 27
2 28 27
2 29 27
2 30 27
2 31 27
2 32 27
5 33 27
1 33 28
1 33 29
1 33 30
1 33 31
1 33 32
3 33 33
2 34 33
2 35 33
2 36 33
2 37 33
2 38 33
2 39 33
2 40 33
2 41 33
2 42 33
2 43 33
2 44 33
2 45 33
2 46 33
2 47 33
2 48 33
5 49 33
1 49 34
4 49 35
6 48 35
1 48 36
1 48 37
0 48 38
-1
-1
-1
-1
-1
-1
-1
-1
-1
-1
-1
-1
-1
-1
-1
-1
-1
-1
-1
-1
-1
-1
-1
-1
-1
-1
-1
-1
-1
-1
-1
-1
-1
