0 41 20
4 42 20
1 42 19
1 42 18
1 42 17
1 42 16
1 42 15
1 42 14
1 42 13
0 42 12
2 40 20
2 39 20
-1
6 38 20
-1
-1
-1
1 38 21
-1
-1
-1
1 38 22
-1
-1
1 38 23
-1
-1
-1
1 38 24
-1
-1
-1
1 38 25
-1
-1
1 38 26
-1
-1
-1
1 38 27
-1
-1
-1
1 38 28
-1
-1
-1
1 38 29
-1
-1
-1
-1
-1
-1
-1
-1
-1
-1
-1
-1
-1
-1
-1
-1
-1
-1
-1
-1
-1
-1
-1
-1
-1
-1
-1
-1
-1
-1
-1
-1
-1
-1
-1
-1
-1
-1
-1
-1
-1
-1
-1
-1
-1
-1
-1
-1
-1
-1
-1
-1
-1
-1
-1
-1
-1
-1
-1
-1
-1
-1
-1
-1
-1
-1
-1
-1
-1
-1
-1
-1
-1
-1
-1
-1
-1
-1
-1
-1
-1
-1
-1
-1
-1
-1
-1
-1
-1
-1
-1
-1
-1
-1
-1
-1
-1
-1
-1
-1
-1
-1
-1
-1
-1
-1
-1
-1
-1
-1
-1
-1
-1
-1
-1
-1
-1
-1
-1
-1
-1
-1
-1
-1
-1
-1
-1
-1
-1
-1
-1
-1
-1
-1
-1
-1
-1
-1
-1
-1
-1
-1
-1
-1
-1
-1
-1
-1
-1
-1
-1
-1
-1
-1
-1
-1
-1
-1
-1
-1
-1
-1
-1
-1
-1
-1
-1
-1
-1
-1
-1
-1
-1
-1
-1
-1
-1
-1
-1
-1
-1
-1
-1
-1
0 38 30
2 37 30
2 36 30
2 35 30
2 34 30
2 33 30
2 32 30
2 31 30
2 30 30
2 29 30
2 28 30
2 27 30
2 26 30
2 25 30
2 24 30
2 23 30
2 22 30
2 21 30
2 20 30
2 19 30
2 18 30
2 17 30
2 16 30
2 15 30
2 14 30
2 13 30
2 12 30
2 11 30
2 10 30
6 9 30
1 9 31
1 9 32
1 9 33
1 9 34
1 9 35
1 9 36
1 9 37
1 9 38
1 9 39
1 9 40
1 9 41
1 9 42
-1
-1
-1
-1
-1
-1
-1
-1
-1
-1
-1
-1
-1
-1
-1
-1
-1
-1
-1
-1
-1
-1
-1
-1
-1
-1
-1
-1
-1
-1
-1
-1
-1
-1
-1
-1
-1
-1
-1
-1
-1
-1
-1
0 9 43
1 9 44
3 9 45
2 10 45
2 11 45
2 12 45
2 13 45
2 14 45
2 15 45
2 16 45
2 17 45
2 18 45
2 19 45
2 20 45
2 21 45
2 22 45
2 23 45
-1
-1
-1
-1
-1
-1
-1
-1
-1
-1
0 24 45
2 25 45
2 26 45
2 27 45
2 28 45
2 29 45
2 30 45
2 31 45
2 32 45
2 33 45
2 34 45
2 35 45
2 36 45
2 37 45
2 38 45
2 39 45
2 40 45
2 41 45
2 42 45
2 43 45
2 44 45
2 45 45
0 46 45
2 41 12
2 40 12
2 39 12
2 38 12
2 37 12
2 36 12
2 35 12
2 34 12
2 33 12
2 32 12
2 31 12
2 30 12
2 29 12
2 28 12
2 27 12
2 26 12
2 25 12
2 24 12
2 23 12
2 22 12
2 21 12
2 20 12
2 19 12
2 18 12
2 17 12
2 16 12
2 15 12
6 14 12
1 14 13
0 14 14
2 39 30
2 40 30
2 41 30
2 42 30
2 43 30
2 44 30
4 45 30
1 45 29
0 45 28
2 8 43
2 7 43
3 6 43
1 6 42
1 6 41
1 6 40
1 6 39
0 6 38
5 41 19
2 40 19
2 39 19
2 38 19
2 37 19
6 36 19
1 36 20
1 36 21
1 36 22
1 36 23
1 36 24
1 36 25
1 36 26
0 36 27
2 13 14
2 12 14
2 11 14
2 10 14
2 9 14
3 8 14
1 8 13
1 8 12
1 8 11
0 8 10
2 7 10
2 6 10
6 5 10
1 5 11
1 5 12
1 5 13
0 5 14
3 38 31
2 39 31
2 40 31
0 41 31
4 14 15
2 13 15
2 12 15
6 11 15
1 11 16
1 11 17
1 11 18
1 11 19
1 11 20
1 11 21
1 11 22
1 11 23
1 11 24
1 11 25
0 11 26
4 47 45
1 47 44
0 47 43
2 5 38
2 4 38
2 3 38
2 2 38
2 1 38
6 0 38
1 0 39
1 0 40
1 0 41
1 0 42
0 0 43
3 35 27
1 35 26
1 35 25
1 35 24
1 35 23
1 35 22
1 35 21
1 35 20
1 35 19
6 35 18
2 36 18
4 37 18
1 37 17
1 37 16
1 37 15
1 37 14
0 37 13
4 24 46
2 23 46
2 22 46
2 21 46
2 20 46
2 19 46
2 18 46
2 17 46
2 16 46
2 15 46
0 14 46
5 38 13
1 38 14
1 38 15
1 38 16
0 38 17
5 24 44
2 23 44
2 22 44
3 21 44
1 21 43
1 21 42
0 21 41
4 41 21
2 40 21
6 39 21
1 39 22
1 39 23
1 39 24
0 39 25
2 13 46
2 12 46
2 11 46
2 10 46
6 9 46
0 9 47
2 10 43
4 11 43
1 11 42
1 11 41
1 11 40
1 11 39
1 11 38
1 11 37
1 11 36
1 11 35
1 11 34
0 11 33
2 44 28
2 43 28
2 42 28
0 41 28
2 10 26
2 9 26
2 8 26
2 7 26
3 6 26
1 6 25
1 6 24
0 6 23
4 46 28
1 46 27
1 46 26
1 46 25
1 46 24
0 46 23
2 20 41
2 19 41
2 18 41
6 17 41
1 17 42
0 17 43
1 41 32
3 41 33
2 42 33
2 43 33
2 44 33
2 45 33
2 46 33
0 47 33
6 4 14
1 4 15
0 4 16
2 1 43
2 2 43
2 3 43
2 4 43
4 5 43
1 5 42
1 5 41
0 5 40
4 46 46
2 45 46
2 44 46
2 43 46
2 42 46
2 41 46
2 40 46
2 39 46
2 38 46
2 37 46
2 36 46
2 35 46
0 34 46
5 43 12
1 43 13
1 43 14
0 43 15
4 36 28
2 35 28
2 34 28
2 33 28
3 32 28
1 32 27
1 32 26
1 32 25
1 32 24
0 32 23
-1
-1
-1
-1
-1
-1
-1
-1
-1
-1
-1
-1
-1
-1
-1
-1
-1
-1
-1
-1
-1
-1
-1
-1
-1
-1
-1
-1
-1
-1
-1
-1
-1
-1
-1
-1
-1
-1
-1
-1
-1
-1
-1
-1
-1
-1
-1
-1
-1
-1
-1
-1
-1
-1
-1
-1
-1
-1
-1
-1
-1
-1
-1
-1
-1
-1
-1
-1
-1
-1
-1
-1
-1
-1
-1
-1
-1
-1
-1
-1
-1
-1
-1
-1
-1
-1
-1
-1
-1
-1
-1
-1
-1
-1
-1
-1
-1
-1
-1
-1
-1
-1
-1
-1
-1
-1
-1
-1
-1
-1
-1
-1
-1
-1
-1
-1
-1
-1
-1
-1
-1
-1
-1
-1
-1
-1
-1
-1
-1
-1
-1
-1
-1
-1
-1
-1
-1
-1
-1
-1
-1
-1
-1
-1
-1
-1
-1
-1
-1
-1
-1
-1
-1
-1
-1
-1
-1
-1
-1
-1
-1
-1
-1
-1
-1
-1
-1
-1
-1
-1
-1
-1
-1
-1
-1
-1
-1
-1
-1
-1
-1
-1
-1
-1
-1
-1
-1
