0 19 34
2 20 34
2 21 34
2 22 34
2 23 34
2 24 34
2 25 34
2 26 34
2 27 34
2 28 34
2 29 34
2 30 34
2 31 34
2 32 34
2 33 34
2 34 34
2 35 34
2 36 34
2 37 34
2 38 34
2 39 34
2 40 34
2 41 34
2 42 34
2 43 34
4 44 34
1 44 33
1 44 32
1 44 31
1 44 30
1 44 29
1 44 28
1 44 27
1 44 26
1 44 25
1 44 24
1 44 23
1 44 22
1 44 21
1 44 20
1 44 19
1 44 18
1 44 17
1 44 16
1 44 15
1 44 14
1 44 13
1 44 12
1 44 11
1 44 10
0 44 9
2 18 34
2 17 34
2 16 34
2 15 34
2 14 34
2 13 34
2 12 34
2 11 34
2 10 34
2 9 34
2 8 34
2 7 34
2 6 34
2 5 34
2 4 34
2 3 34
2 2 34
2 1 34
3 0 34
1 0 33
1 0 32
1 0 31
1 0 30
1 0 29
1 0 28
1 0 27
1 0 26
1 0 25
1 0 24
1 0 23
1 0 22
1 0 21
1 0 20
1 0 19
1 0 18
1 0 17
-1
-1
-1
-1
-1
-1
-1
-1
-1
-1
-1
-1
-1
-1
-1
-1
-1
-1
-1
-1
-1
-1
-1
-1
-1
-1
-1
-1
-1
-1
-1
-1
-1
-1
-1
-1
-1
-1
-1
0 0 16
6 19 33
2 20 33
2 21 33
2 22 33
2 23 33
2 24 33
2 25 33
2 26 33
2 27 33
4 28 33
1 28 32
1 28 31
1 28 30
-1
-1
-1
-1
-1
-1
-1
-1
-1
-1
-1
-1
-1
-1
-1
-1
-1
-1
-1
-1
-1
-1
-1
-1
-1
-1
-1
-1
-1
0 28 29
2 1 16
4 2 16
1 2 15
1 2 14
1 2 13
1 2 12
1 2 11
1 2 10
1 2 9
1 2 8
1 2 7
1 2 6
1 2 5
1 2 4
1 2 3
-1
-1
-1
-1
-1
-1
-1
-1
-1
-1
-1
-1
-1
-1
-1
-1
-1
-1
0 2 2
4 19 35
2 18 35
2 17 35
2 16 35
2 15 35
2 14 35
2 13 35
2 12 35
2 11 35
2 10 35
6 9 35
-1
-1
-1
-1
-1
-1
-1
-1
-1
-1
-1
-1
-1
0 9 36
2 43 9
2 42 9
6 41 9
1 41 10
1 41 11
1 41 12
1 41 13
1 41 14
-1
-1
-1
-1
-1
-1
-1
-1
-1
-1
0 41 15
2 8 36
2 7 36
2 6 36
2 5 36
3 4 36
-1
-1
-1
-1
-1
-1
-1
-1
-1
-1
0 4 35
2 10 36
2 11 36
2 12 36
2 13 36
2 14 36
2 15 36
2 16 36
2 17 36
2 18 36
2 19 36
2 20 36
2 21 36
2 22 36
2 23 36
2 24 36
0 25 36
2 3 2
2 4 2
2 5 2
2 6 2
2 7 2
-1
-1
-1
-1
-1
-1
0 8 2
3 41 16
2 42 16
-1
-1
-1
-1
-1
-1
-1
-1
0 43 16
1 8 3
1 8 4
1 8 5
1 8 6
3 8 7
2 9 7
2 10 7
2 11 7
2 12 7
2 13 7
2 14 7
2 15 7
2 16 7
2 17 7
2 18 7
2 19 7
2 20 7
0 21 7
2 40 15
2 39 15
6 38 15
1 38 16
1 38 17
1 38 18
0 38 19
4 25 37
2 24 37
2 23 37
6 22 37
0 22 38
6 0 15
4 1 15
1 1 14
1 1 13
1 1 12
-1
-1
0 1 11
4 21 8
2 20 8
2 19 8
2 18 8
2 17 8
2 16 8
2 15 8
2 14 8
2 13 8
2 12 8
2 11 8
2 10 8
2 9 8
0 8 8
2 21 38
6 20 38
1 20 39
1 20 40
1 20 41
1 20 42
1 20 43
1 20 44
0 20 45
5 45 9
1 45 10
1 45 11
1 45 12
1 45 13
0 45 14
5 26 36
1 26 37
1 26 38
3 26 39
2 27 39
0 28 39
1 8 9
1 8 10
3 8 11
2 9 11
2 10 11
2 11 11
2 12 11
2 13 11
0 14 11
6 37 19
1 37 20
1 37 21
1 37 22
1 37 23
1 37 24
1 37 25
1 37 26
0 37 27
6 7 8
1 7 9
1 7 10
1 7 11
1 7 12
3 7 13
0 8 13
2 27 29
2 26 29
2 25 29
2 24 29
2 23 29
2 22 29
2 21 29
6 20 29
1 20 30
0 20 31
1 8 14
1 8 15
1 8 16
1 8 17
1 8 18
3 8 19
0 9 19
4 9 20
2 8 20
2 7 20
2 6 20
3 5 20
1 5 19
1 5 18
1 5 17
1 5 16
1 5 15
1 5 14
1 5 13
1 5 12
1 5 11
1 5 10
0 5 9
5 9 2
1 9 3
0 9 4
4 9 37
6 8 37
1 8 38
1 8 39
1 8 40
1 8 41
1 8 42
0 8 43
6 1 2
1 1 3
1 1 4
0 1 5
3 20 32
2 21 32
2 22 32
2 23 32
0 24 32
1 8 44
1 8 45
3 8 46
0 9 46
6 8 1
2 9 1
2 10 1
2 11 1
2 12 1
2 13 1
2 14 1
4 15 1
0 15 0
1 14 12
1 14 13
1 14 14
1 14 15
3 14 16
2 15 16
2 16 16
2 17 16
2 18 16
2 19 16
0 20 16
2 7 43
2 6 43
2 5 43
6 4 43
0 4 44
2 19 31
2 18 31
2 17 31
2 16 31
2 15 31
3 14 31
1 14 30
0 14 29
5 9 13
1 9 14
3 9 15
2 10 15
2 11 15
2 12 15
0 13 15
1 45 15
1 45 16
3 45 17
0 46 17
4 28 40
2 27 40
2 26 40
6 25 40
0 25 41
1 9 5
3 9 6
2 10 6
2 11 6
0 12 6
4 29 39
1 29 38
0 29 37
5 16 0
1 16 1
1 16 2
1 16 3
3 16 4
0 17 4
2 3 35
2 2 35
6 1 35
1 1 36
0 1 37
2 9 43
2 10 43
2 11 43
2 12 43
2 13 43
4 14 43
1 14 42
0 14 41
2 4 9
6 3 9
1 3 10
1 3 11
1 3 12
1 3 13
1 3 14
1 3 15
0 3 16
1 44 8
1 44 7
1 44 6
1 44 5
1 44 4
1 44 3
1 44 2
0 44 1
2 30 37
2 31 37
2 32 37
0 33 37
1 20 17
3 20 18
2 21 18
2 22 18
2 23 18
2 24 18
2 25 18
0 26 18
4 25 32
0 25 31
1 25 42
1 25 43
1 25 44
1 25 45
1 25 46
3 25 47
2 26 47
2 27 47
0 28 47
2 13 29
2 12 29
2 11 29
2 10 29
2 9 29
2 8 29
2 7 29
2 6 29
2 5 29
2 4 29
2 3 29
2 2 29
0 1 29
2 22 7
2 23 7
2 24 7
4 25 7
1 25 6
1 25 5
0 25 4
-1
-1
-1
-1
-1
-1
-1
-1
-1
-1
-1
-1
-1
-1
-1
-1
-1
-1
-1
-1
-1
-1
-1
-1
-1
-1
-1
-1
-1
-1
-1
-1
-1
-1
-1
-1
-1
-1
-1
-1
-1
-1
-1
-1
-1
-1
-1
-1
-1
-1
-1
-1
-1
-1
-1
-1
-1
-1
-1
-1
-1
-1
-1
-1
-1
-1
-1
-1
-1
-1
-1
-1
-1
-1
-1
-1
-1
-1
-1
-1
-1
-1
-1
-1
-1
-1
-1
-1
-1
-1
-1
-1
-1
-1
-1
-1
-1
-1
-1
-1
-1
-1
-1
-1
-1
-1
-1
-1
-1
-1
-1
-1
-1
-1
-1
-1
-1
-1
-1
-1
-1
-1
-1
-1
-1
-1
-1
-1
-1
-1
-1
-1
-1
-1
-1
-1
-1
-1
-1
-1
-1
-1
-1
-1
-1
-1
-1
-1
-1
-1
-1
-1
-1
-1
-1
-1
-1
-1
-1
-1
-1
-1
-1
-1
-1
-1
-1
-1
-1
-1
-1
-1
-1
-1
-1
-1
-1
-1
-1
-1
-1
-1
-1
-1
-1
-1
-1
-1
-1
-1
-1
-1
-1
-1
-1
-1
-1
-1
-1
-1
-1
-1
-1
-1
-1
-1
