0 24 18
1 24 19
1 24 20
1 24 21
1 24 22
1 24 23
1 24 24
1 24 25
1 24 26
1 24 27
1 24 28
1 24 29
1 24 30
1 24 31
1 24 32
1 24 33
1 24 34
1 24 35
1 24 36
1 24 37
1 24 38
3 24 39
2 25 39
2 26 39
2 27 39
2 28 39
2 29 39
2 30 39
2 31 39
2 32 39
2 33 39
2 34 39
2 35 39
2 36 39
2 37 39
2 38 39
2 39 39
0 40 39
2 23 18
2 22 18
2 21 18
2 20 18
2 19 18
2 18 18
2 17 18
2 16 18
2 15 18
2 14 18
2 13 18
2 12 18
2 11 18
2 10 18
2 9 18
2 8 18
3 7 18
1 7 17
1 7 16
1 7 15
1 7 14
1 7 13
1 7 12
1 7 11
1 7 10
1 7 9
1 7 8
1 7 7
1 7 6
1 7 5
1 7 4
1 7 3
0 7 2
2 41 39
4 42 39
1 42 38
1 42 37
1 42 36
1 42 35
1 42 34
1 42 33
1 42 32
1 42 31
1 42 30
1 42 29
1 42 28
0 42 27
6 6 2
1 6 3
1 6 4
1 6 5
1 6 6
1 6 7
1 6 8
1 6 9
1 6 10
1 6 11
0 6 12
2 5 12
3 4 12
1 4 11
1 4 10
0 4 9
2 43 27
2 44 27
4 45 27
1 45 26
0 45 25
2 41 27
2 40 27
3 39 27
1 39 26
1 39 25
1 39 24
0 39 23
5 40 38
2 39 38
0 38 38
4 6 13
2 5 13
2 4 13
6 3 13
1 3 14
0 3 15
1 40 40
1 40 41
3 40 42
2 41 42
0 42 42
6 38 23
1 38 24
1 38 25
1 38 26
1 38 27
1 38 28
1 38 29
3 38 30
2 39 30
2 40 30
0 41 30
2 3 9
3 2 9
0 2 8
5 25 18
1 25 19
1 25 20
1 25 21
3 25 22
2 26 22
2 27 22
0 28 22
1 3 16
1 3 17
1 3 18
1 3 19
1 3 20
1 3 21
1 3 22
1 3 23
3 3 24
2 4 24
2 5 24
2 6 24
2 7 24
2 8 24
2 9 24
2 10 24
2 11 24
0 12 24
5 24 17
2 23 17
2 22 17
2 21 17
2 20 17
2 19 17
2 18 17
2 17 17
2 16 17
2 15 17
3 14 17
1 14 16
1 14 15
1 14 14
1 14 13
0 14 12
2 37 38
2 36 38
3 35 38
1 35 37
1 35 36
1 35 35
0 35 34
4 42 43
2 41 43
2 40 43
2 39 43
3 38 43
0 38 42
2 13 12
2 12 12
2 11 12
2 10 12
2 9 12
6 8 12
1 8 13
1 8 14
0 8 15
1 41 31
1 41 32
1 41 33
1 41 34
0 41 35
5 14 11
2 13 11
0 12 11
1 28 23
3 28 24
2 29 24
2 30 24
0 31 24
5 4 15
1 4 16
1 4 17
1 4 18
3 4 19
0 5 19
3 5 20
2 6 20
2 7 20
2 8 20
0 9 20
2 13 24
2 14 24
2 15 24
2 16 24
4 17 24
1 17 23
1 17 22
0 17 21
2 40 23
2 41 23
4 42 23
1 42 22
1 42 21
0 42 20
-1
-1
-1
-1
-1
-1
-1
-1
-1
-1
-1
-1
-1
-1
-1
-1
-1
-1
-1
-1
-1
-1
-1
-1
-1
-1
-1
-1
-1
-1
-1
-1
-1
-1
-1
-1
-1
-1
-1
-1
-1
-1
-1
-1
-1
-1
-1
-1
-1
-1
-1
-1
-1
-1
-1
-1
-1
-1
-1
-1
-1
-1
-1
-1
-1
-1
-1
-1
-1
-1
-1
-1
-1
-1
-1
-1
-1
-1
-1
-1
-1
-1
-1
-1
-1
-1
-1
-1
-1
-1
-1
-1
-1
-1
-1
-1
-1
-1
-1
-1
-1
-1
-1
-1
-1
-1
-1
-1
-1
-1
-1
-1
-1
-1
-1
-1
-1
-1
-1
-1
-1
-1
-1
-1
-1
-1
-1
-1
-1
-1
-1
-1
-1
-1
-1
-1
-1
-1
-1
-1
-1
-1
-1
-1
-1
-1
-1
-1
-1
-1
-1
-1
-1
-1
-1
-1
-1
-1
-1
-1
-1
-1
-1
-1
-1
-1
-1
-1
-1
-1
-1
-1
-1
-1
-1
-1
-1
-1
-1
-1
-1
-1
-1
-1
-1
-1
-1
-1
-1
-1
-1
-1
-1
-1
-1
-1
-1
-1
-1
-1
-1
-1
-1
-1
-1
-1
-1
-1
-1
-1
-1
-1
-1
-1
-1
-1
-1
-1
-1
-1
-1
-1
-1
-1
-1
-1
-1
-1
-1
-1
-1
-1
-1
-1
-1
-1
-1
-1
-1
-1
-1
-1
-1
-1
-1
-1
-1
-1
-1
-1
-1
-1
-1
-1
-1
-1
-1
-1
-1
-1
-1
-1
-1
-1
-1
-1
-1
-1
-1
-1
-1
-1
-1
-1
-1
-1
-1
-1
-1
-1
-1
-1
-1
-1
-1
-1
-1
-1
-1
-1
-1
-1
-1
-1
-1
-1
-1
-1
-1
-1
-1
-1
-1
-1
-1
-1
-1
-1
-1
-1
-1
-1
-1
-1
-1
-1
-1
-1
-1
-1
-1
-1
-1
-1
-1
-1
-1
-1
-1
-1
-1
-1
-1
-1
-1
-1
-1
-1
-1
-1
-1
-1
-1
-1
-1
-1
-1
-1
-1
-1
-1
-1
-1
-1
-1
-1
-1
-1
-1
-1
-1
-1
-1
-1
-1
-1
-1
-1
-1
-1
-1
-1
-1
-1
-1
-1
-1
-1
-1
-1
-1
-1
-1
-1
-1
-1
-1
-1
-1
-1
-1
-1
-1
-1
-1
-1
-1
-1
-1
-1
-1
-1
-1
-1
-1
-1
-1
-1
-1
-1
-1
-1
-1
-1
-1
-1
-1
-1
-1
-1
-1
-1
-1
-1
-1
-1
-1
-1
-1
-1
-1
-1
-1
-1
-1
-1
-1
-1
-1
-1
-1
-1
-1
-1
-1
-1
-1
-1
-1
-1
-1
-1
-1
-1
-1
-1
-1
-1
-1
-1
-1
-1
-1
-1
-1
-1
-1
-1
-1
-1
-1
-1
-1
-1
-1
-1
-1
-1
-1
-1
-1
-1
-1
-1
-1
-1
-1
-1
-1
-1
-1
-1
-1
-1
-1
-1
-1
-1
-1
-1
-1
-1
-1
-1
-1
-1
-1
-1
-1
-1
-1
-1
-1
-1
-1
-1
-1
-1
-1
-1
-1
-1
-1
-1
-1
-1
-1
-1
-1
-1
-1
-1
-1
-1
-1
-1
-1
-1
-1
-1
-1
-1
-1
-1
-1
-1
-1
-1
-1
-1
-1
-1
-1
-1
-1
-1
-1
