0 10 21
1 10 22
3 10 23
2 11 23
2 12 23
2 13 23
2 14 23
2 15 23
2 16 23
2 17 23
2 18 23
2 19 23
2 20 23
2 21 23
2 22 23
2 23 23
2 24 23
2 25 23
2 26 23
2 27 23
2 28 23
2 29 23
2 30 23
2 31 23
2 32 23
2 33 23
2 34 23
2 35 23
2 36 23
2 37 23
2 38 23
2 39 23
2 40 23
2 41 23
2 42 23
0 43 23
4 43 24
2 42 24
2 41 24
2 40 24
2 39 24
2 38 24
2 37 24
2 36 24
2 35 24
2 34 24
2 33 24
2 32 24
2 31 24
6 30 24
1 30 25
1 30 26
1 30 27
1 30 28
1 30 29
1 30 30
1 30 31
1 30 32
1 30 33
1 30 34
1 30 35
1 30 36
1 30 37
1 30 38
1 30 39
1 30 40
1 30 41
1 30 42
1 30 43
-1
-1
-1
-1
-1
-1
-1
-1
-1
-1
-1
-1
0 30 44
4 11 21
1 11 20
1 11 19
1 11 18
-1
-1
-1
-1
-1
-1
-1
-1
-1
-1
-1
-1
0 11 17
5 44 23
1 44 24
4 44 25
2 43 25
2 42 25
-1
-1
-1
-1
-1
0 41 25
1 30 45
1 30 46
3 30 47
2 31 47
2 32 47
2 33 47
2 34 47
2 35 47
0 36 47
6 9 21
1 9 22
1 9 23
3 9 24
2 10 24
2 11 24
2 12 24
2 13 24
2 14 24
2 15 24
2 16 24
2 17 24
2 18 24
2 19 24
2 20 24
2 21 24
2 22 24
2 23 24
2 24 24
2 25 24
0 26 24
2 37 47
2 38 47
2 39 47
2 40 47
4 41 47
1 41 46
1 41 45
1 41 44
1 41 43
0 41 42
5 12 17
1 12 18
3 12 19
2 13 19
2 14 19
2 15 19
2 16 19
2 17 19
2 18 19
2 19 19
2 20 19
2 21 19
2 22 19
0 23 19
2 29 44
2 28 44
2 27 44
2 26 44
2 25 44
2 24 44
6 23 44
1 23 45
1 23 46
0 23 47
2 31 44
2 32 44
4 33 44
0 33 43
1 23 20
3 23 21
2 24 21
2 25 21
2 26 21
2 27 21
2 28 21
2 29 21
0 30 21
6 11 16
2 12 16
2 13 16
2 14 16
4 15 16
1 15 15
0 15 14
2 22 47
2 21 47
2 20 47
2 19 47
2 18 47
2 17 47
2 16 47
2 15 47
2 14 47
2 13 47
3 12 47
1 12 46
1 12 45
1 12 44
1 12 43
1 12 42
1 12 41
1 12 40
0 12 39
5 43 22
3 42 22
1 42 21
0 42 20
1 26 25
1 26 26
1 26 27
1 26 28
1 26 29
1 26 30
1 26 31
1 26 32
1 26 33
1 26 34
1 26 35
3 26 36
2 27 36
0 28 36
6 40 25
1 40 26
0 40 27
2 10 17
2 9 17
0 8 17
2 11 39
2 10 39
2 9 39
2 8 39
2 7 39
2 6 39
2 5 39
2 4 39
2 3 39
6 2 39
1 2 40
1 2 41
1 2 42
1 2 43
1 2 44
0 2 45
2 34 43
2 35 43
4 36 43
1 36 42
1 36 41
1 36 40
1 36 39
1 36 38
0 36 37
5 24 19
3 24 20
2 25 20
0 26 20
2 24 47
2 25 47
4 26 47
0 26 46
5 16 14
1 16 15
1 16 16
4 16 17
6 15 17
0 15 18
5 10 20
2 9 20
6 8 20
0 8 21
2 14 14
2 13 14
2 12 14
2 11 14
3 10 14
1 10 13
1 10 12
1 10 11
1 10 10
1 10 9
1 10 8
1 10 7
1 10 6
1 10 5
0 10 4
4 30 22
2 29 22
2 28 22
2 27 22
2 26 22
2 25 22
2 24 22
2 23 22
2 22 22
2 21 22
2 20 22
2 19 22
2 18 22
2 17 22
2 16 22
2 15 22
2 14 22
2 13 22
3 12 22
0 12 21
6 33 42
2 34 42
4 35 42
0 35 41
3 41 26
2 42 26
2 43 26
2 44 26
4 45 26
0 45 25
-1
-1
-1
-1
-1
-1
-1
-1
-1
-1
-1
-1
-1
-1
-1
-1
-1
-1
-1
-1
-1
-1
-1
-1
-1
-1
-1
-1
-1
-1
-1
-1
-1
-1
-1
-1
-1
-1
-1
-1
-1
-1
-1
-1
-1
-1
-1
-1
-1
-1
-1
-1
-1
-1
-1
-1
-1
-1
-1
-1
-1
-1
-1
-1
-1
-1
-1
-1
-1
-1
-1
-1
-1
-1
-1
-1
-1
-1
-1
-1
-1
-1
-1
-1
-1
-1
-1
-1
-1
-1
-1
-1
-1
-1
-1
-1
-1
-1
-1
-1
-1
-1
-1
-1
-1
-1
-1
-1
-1
-1
-1
-1
-1
-1
-1
-1
-1
-1
-1
-1
-1
-1
-1
-1
-1
-1
-1
-1
-1
-1
-1
-1
-1
-1
-1
-1
-1
-1
-1
-1
-1
-1
-1
-1
-1
-1
-1
-1
-1
-1
-1
-1
-1
-1
-1
-1
-1
-1
-1
-1
-1
-1
-1
-1
-1
-1
-1
-1
-1
-1
-1
-1
-1
-1
-1
-1
-1
-1
-1
-1
-1
-1
-1
-1
-1
-1
-1
-1
-1
-1
-1
-1
-1
-1
-1
-1
-1
-1
-1
-1
-1
-1
-1
-1
-1
-1
-1
-1
-1
-1
-1
-1
-1
-1
-1
-1
-1
-1
-1
-1
-1
-1
-1
-1
-1
-1
-1
-1
-1
-1
-1
-1
-1
-1
-1
-1
-1
-1
-1
-1
-1
-1
-1
-1
-1
-1
-1
-1
-1
-1
-1
-1
-1
-1
-1
-1
-1
-1
-1
-1
-1
-1
-1
-1
-1
-1
-1
-1
-1
-1
-1
-1
-1
-1
-1
-1
-1
-1
-1
-1
-1
-1
-1
-1
-1
-1
-1
-1
-1
-1
-1
-1
-1
-1
-1
-1
-1
-1
-1
-1
-1
-1
-1
-1
-1
-1
-1
-1
-1
-1
-1
-1
-1
-1
-1
-1
-1
-1
-1
-1
-1
-1
-1
-1
-1
-1
-1
-1
-1
-1
-1
-1
-1
-1
-1
-1
-1
-1
-1
-1
-1
-1
-1
-1
-1
-1
-1
-1
-1
-1
-1
-1
-1
-1
-1
-1
-1
-1
-1
-1
-1
-1
-1
-1
-1
-1
-1
-1
-1
-1
-1
-1
-1
-1
-1
-1
-1
-1
-1
-1
-1
-1
-1
-1
-1
-1
-1
-1
-1
-1
-1
-1
-1
-1
-1
-1
-1
-1
-1
-1
-1
-1
-1
-1
-1
-1
-1
-1
-1
-1
-1
-1
-1
-1
-1
-1
-1
-1
-1
-1
-1
-1
-1
-1
-1
-1
-1
-1
-1
-1
-1
-1
-1
-1
-1
-1
-1
-1
-1
-1
-1
-1
-1
-1
-1
-1
-1
-1
-1
-1
-1
-1
-1
-1
-1
-1
-1
-1
-1
-1
-1
-1
-1
-1
-1
-1
-1
-1
-1
-1
-1
-1
-1
-1
-1
