0 14 14
3 14 15
2 15 15
2 16 15
2 17 15
2 18 15
2 19 15
2 20 15
2 21 15
2 22 15
2 23 15
2 24 15
2 25 15
2 26 15
2 27 15
2 28 15
2 29 15
0 30 15
1 30 16
1 30 17
1 30 18
1 30 19
1 30 20
1 30 21
-1
1 30 22
-1
-1
1 30 23
-1
-1
1 30 24
-1
-1
1 30 25
-1
-1
-1
1 30 26
-1
-1
1 30 27
-1
-1
3 30 28
-1
-1
2 31 28
-1
-1
2 32 28
-1
-1
2 33 28
-1
-1
2 34 28
-1
-1
2 35 28
-1
-1
-1
2 36 28
-1
-1
2 37 28
-1
-1
2 38 28
-1
-1
-1
-1
-1
-1
-1
-1
-1
-1
-1
-1
-1
-1
-1
-1
-1
-1
-1
-1
-1
-1
-1
-1
-1
-1
-1
-1
-1
-1
-1
-1
-1
-1
-1
-1
-1
-1
-1
-1
-1
-1
-1
-1
-1
-1
-1
-1
-1
-1
-1
-1
-1
-1
-1
-1
-1
-1
-1
-1
-1
-1
-1
-1
-1
-1
-1
-1
-1
-1
-1
-1
-1
-1
-1
-1
-1
-1
-1
-1
-1
-1
-1
-1
-1
-1
-1
-1
-1
-1
-1
-1
-1
-1
-1
-1
-1
-1
-1
-1
-1
-1
-1
-1
-1
-1
-1
-1
-1
-1
-1
-1
-1
-1
-1
-1
-1
-1
-1
-1
-1
-1
-1
-1
-1
-1
-1
-1
-1
-1
-1
-1
-1
-1
-1
-1
-1
-1
-1
-1
-1
-1
-1
-1
-1
-1
-1
-1
-1
-1
-1
-1
-1
-1
-1
0 39 28
2 13 14
2 12 14
-1
2 11 14
3 10 14
1 10 13
-1
-1
-1
-1
-1
-1
-1
-1
-1
-1
-1
-1
-1
-1
-1
-1
-1
-1
-1
-1
-1
-1
-1
-1
-1
-1
-1
-1
-1
-1
-1
-1
-1
-1
-1
-1
-1
-1
-1
-1
-1
-1
-1
-1
-1
-1
-1
-1
-1
-1
-1
0 10 12
6 9 12
1 9 13
1 9 14
1 9 15
1 9 16
1 9 17
1 9 18
1 9 19
1 9 20
1 9 21
1 9 22
1 9 23
1 9 24
1 9 25
1 9 26
1 9 27
1 9 28
1 9 29
1 9 30
1 9 31
1 9 32
1 9 33
1 9 34
3 9 35
-1
-1
-1
-1
-1
-1
-1
-1
-1
-1
-1
-1
-1
-1
-1
-1
-1
-1
-1
-1
-1
-1
-1
-1
-1
-1
-1
-1
-1
0 10 35
2 31 15
2 32 15
2 33 15
4 34 15
1 34 14
1 34 13
-1
-1
-1
-1
-1
-1
-1
-1
-1
-1
-1
-1
-1
-1
-1
-1
-1
-1
-1
-1
-1
-1
-1
-1
-1
0 34 12
2 40 28
4 41 28
1 41 27
1 41 26
1 41 25
1 41 24
1 41 23
1 41 22
1 41 21
1 41 20
1 41 19
-1
-1
-1
-1
-1
-1
-1
-1
-1
-1
-1
-1
-1
-1
-1
0 41 18
2 15 14
4 16 14
1 16 13
1 16 12
1 16 11
1 16 10
1 16 9
1 16 8
-1
-1
-1
-1
-1
-1
-1
-1
-1
-1
-1
-1
-1
0 16 7
1 39 29
1 39 30
1 39 31
1 39 32
3 39 33
-1
-1
-1
-1
-1
-1
-1
-1
-1
-1
-1
0 40 33
5 10 11
2 9 11
2 8 11
2 7 11
2 6 11
2 5 11
2 4 11
3 3 11
1 3 10
1 3 9
1 3 8
1 3 7
1 3 6
1 3 5
-1
-1
0 3 4
5 42 18
1 42 19
1 42 20
1 42 21
1 42 22
3 42 23
2 43 23
2 44 23
-1
-1
-1
0 45 23
1 10 34
1 10 33
1 10 32
1 10 31
1 10 30
1 10 29
1 10 28
1 10 27
1 10 26
1 10 25
1 10 24
1 10 23
1 10 22
1 10 21
1 10 20
1 10 19
1 10 18
1 10 17
1 10 16
0 10 15
5 17 7
3 17 8
0 18 8
4 10 36
2 9 36
2 8 36
2 7 36
2 6 36
2 5 36
2 4 36
2 3 36
2 2 36
3 1 36
1 1 35
1 1 34
1 1 33
1 1 32
1 1 31
1 1 30
1 1 29
0 1 28
4 40 34
2 39 34
2 38 34
2 37 34
6 36 34
1 36 35
1 36 36
1 36 37
1 36 38
1 36 39
1 36 40
1 36 41
1 36 42
1 36 43
1 36 44
1 36 45
1 36 46
0 36 47
5 11 15
1 11 16
3 11 17
2 12 17
2 13 17
2 14 17
2 15 17
2 16 17
2 17 17
2 18 17
2 19 17
2 20 17
2 21 17
2 22 17
2 23 17
0 24 17
2 19 8
2 20 8
2 21 8
2 22 8
2 23 8
2 24 8
4 25 8
1 25 7
1 25 6
0 25 5
6 41 17
2 42 17
2 43 17
4 44 17
1 44 16
1 44 15
1 44 14
1 44 13
1 44 12
1 44 11
1 44 10
1 44 9
1 44 8
1 44 7
1 44 6
1 44 5
1 44 4
1 44 3
1 44 2
0 44 1
5 11 35
3 11 36
2 12 36
2 13 36
2 14 36
2 15 36
2 16 36
2 17 36
2 18 36
2 19 36
2 20 36
0 21 36
2 26 5
4 27 5
1 27 4
1 27 3
1 27 2
1 27 1
0 27 0
2 35 47
2 34 47
2 33 47
2 32 47
2 31 47
2 30 47
2 29 47
2 28 47
2 27 47
0 26 47
5 30 14
2 29 14
2 28 14
3 27 14
1 27 13
0 27 12
5 39 27
2 38 27
2 37 27
2 36 27
2 35 27
2 34 27
2 33 27
3 32 27
0 32 26
2 40 18
2 39 18
6 38 18
1 38 19
1 38 20
1 38 21
1 38 22
0 38 23
5 24 16
2 23 16
2 22 16
2 21 16
2 20 16
2 19 16
0 18 16
2 22 36
2 23 36
2 24 36
2 25 36
2 26 36
2 27 36
2 28 36
2 29 36
2 30 36
2 31 36
2 32 36
2 33 36
2 34 36
4 35 36
1 35 35
1 35 34
1 35 33
1 35 32
1 35 31
1 35 30
0 35 29
5 4 4
1 4 5
1 4 6
1 4 7
3 4 8
0 5 8
5 21 35
2 20 35
2 19 35
2 18 35
2 17 35
2 16 35
2 15 35
2 14 35
2 13 35
3 12 35
5 12 34
3 11 34
1 11 33
1 11 32
0 11 31
4 21 37
6 20 37
1 20 38
1 20 39
0 20 40
2 2 4
6 1 4
1 1 5
1 1 6
1 1 7
1 1 8
1 1 9
1 1 10
0 1 11
5 12 31
3 12 32
2 13 32
2 14 32
0 15 32
1 1 12
1 1 13
1 1 14
1 1 15
1 1 16
3 1 17
0 2 17
2 15 7
2 14 7
3 13 7
0 13 6
2 16 32
2 17 32
2 18 32
2 19 32
2 20 32
2 21 32
2 22 32
4 23 32
1 23 31
1 23 30
0 23 29
2 34 29
2 33 29
2 32 29
6 31 29
1 31 30
1 31 31
0 31 32
2 2 28
2 3 28
2 4 28
2 5 28
2 6 28
4 7 28
1 7 27
1 7 26
0 7 25
5 28 0
1 28 1
1 28 2
1 28 3
1 28 4
3 28 5
2 29 5
2 30 5
0 31 5
2 19 40
2 18 40
2 17 40
2 16 40
2 15 40
3 14 40
0 14 39
2 24 5
6 23 5
1 23 6
0 23 7
5 36 29
1 36 30
3 36 31
2 37 31
0 38 31
2 37 23
2 36 23
3 35 23
1 35 22
1 35 21
1 35 20
0 35 19
2 26 0
2 25 0
2 24 0
2 23 0
2 22 0
2 21 0
0 20 0
2 6 25
3 5 25
1 5 24
1 5 23
1 5 22
0 5 21
1 31 33
3 31 34
0 32 34
-1
-1
-1
-1
-1
-1
-1
-1
-1
-1
-1
-1
-1
-1
-1
-1
-1
-1
-1
-1
-1
-1
-1
-1
