0 34 26
1 34 27
1 34 28
1 34 29
1 34 30
1 34 31
1 34 32
1 34 33
1 34 34
3 34 35
0 35 35
2 33 26
2 32 26
2 31 26
-1
-1
-1
2 30 26
-1
-1
-1
2 29 26
-1
-1
2 28 26
-1
-1
-1
2 27 26
-1
-1
2 26 26
-1
-1
-1
2 25 26
-1
-1
2 24 26
-1
-1
-1
2 23 26
-1
-1
-1
2 22 26
-1
-1
2 21 26
-1
-1
-1
2 20 26
-1
-1
2 19 26
-1
-1
-1
2 18 26
-1
-1
2 17 26
-1
-1
-1
2 16 26
-1
-1
-1
2 15 26
-1
-1
2 14 26
-1
-1
-1
2 13 26
-1
-1
2 12 26
-1
-1
-1
2 11 26
-1
-1
2 10 26
-1
-1
-1
2 9 26
-1
-1
-1
2 8 26
-1
-1
2 7 26
-1
-1
-1
2 6 26
-1
-1
2 5 26
-1
-1
-1
2 4 26
-1
-1
2 3 26
-1
-1
-1
3 2 26
-1
-1
-1
1 2 25
-1
-1
1 2 24
-1
-1
-1
1 2 23
-1
-1
1 2 22
-1
-1
-1
1 2 21
-1
-1
1 2 20
-1
-1
-1
1 2 19
-1
-1
-1
1 2 18
-1
-1
-1
-1
-1
-1
-1
-1
-1
-1
-1
-1
-1
-1
-1
-1
-1
-1
-1
-1
-1
-1
-1
-1
-1
-1
-1
-1
-1
-1
-1
-1
-1
-1
-1
-1
-1
-1
-1
-1
-1
-1
-1
-1
-1
-1
-1
-1
-1
-1
-1
-1
-1
-1
-1
-1
-1
-1
-1
-1
-1
-1
-1
-1
-1
-1
-1
-1
-1
-1
-1
-1
-1
-1
-1
-1
-1
-1
-1
-1
-1
-1
-1
-1
-1
-1
-1
-1
-1
-1
-1
-1
-1
-1
-1
-1
-1
-1
-1
-1
-1
-1
-1
-1
-1
-1
-1
-1
-1
-1
-1
-1
-1
-1
-1
-1
-1
-1
-1
-1
-1
-1
-1
-1
-1
-1
-1
-1
-1
-1
-1
-1
-1
-1
-1
-1
-1
-1
-1
-1
-1
-1
-1
-1
-1
-1
-1
-1
-1
-1
-1
-1
-1
-1
-1
-1
-1
-1
-1
-1
-1
-1
-1
-1
-1
-1
-1
-1
-1
-1
-1
-1
-1
-1
-1
-1
-1
0 2 17
5 34 25
2 33 25
2 32 25
2 31 25
2 30 25
2 29 25
2 28 25
-1
-1
-1
-1
-1
-1
-1
-1
-1
-1
-1
-1
-1
-1
-1
-1
-1
-1
-1
-1
-1
-1
-1
-1
-1
-1
-1
-1
-1
-1
-1
-1
-1
-1
-1
-1
-1
0 27 25
6 1 17
1 1 18
1 1 19
1 1 20
1 1 21
1 1 22
1 1 23
1 1 24
1 1 25
1 1 26
1 1 27
1 1 28
1 1 29
1 1 30
1 1 31
1 1 32
1 1 33
1 1 34
1 1 35
1 1 36
1 1 37
1 1 38
1 1 39
1 1 40
1 1 41
1 1 42
1 1 43
1 1 44
3 1 45
2 2 45
2 3 45
2 4 45
0 5 45
2 26 25
2 25 25
2 24 25
2 23 25
2 22 25
2 21 25
2 20 25
3 19 25
1 19 24
1 19 23
1 19 22
1 19 21
1 19 20
1 19 19
1 19 18
0 19 17
1 27 24
1 27 23
1 27 22
1 27 21
1 27 20
1 27 19
1 27 18
1 27 17
1 27 16
1 27 15
1 27 14
1 27 13
1 27 12
0 27 11
4 35 36
2 34 36
6 33 36
1 33 37
1 33 38
-1
0 33 39
5 28 11
1 28 12
1 28 13
1 28 14
1 28 15
1 28 16
1 28 17
1 28 18
1 28 19
0 28 20
3 32 39
1 32 38
1 32 37
1 32 36
1 32 35
1 32 34
1 32 33
0 32 32
2 26 11
2 25 11
2 24 11
2 23 11
2 22 11
3 21 11
0 21 10
2 36 35
2 37 35
2 38 35
2 39 35
2 40 35
2 41 35
2 42 35
2 43 35
2 44 35
2 45 35
2 46 35
0 47 35
2 18 17
2 17 17
2 16 17
2 15 17
6 14 17
1 14 18
1 14 19
1 14 20
1 14 21
1 14 22
1 14 23
0 14 24
2 6 45
2 7 45
2 8 45
4 9 45
1 9 44
1 9 43
1 9 42
1 9 41
1 9 40
1 9 39
1 9 38
1 9 37
1 9 36
1 9 35
0 9 34
6 27 10
2 28 10
2 29 10
2 30 10
2 31 10
2 32 10
2 33 10
2 34 10
2 35 10
2 36 10
2 37 10
2 38 10
2 39 10
2 40 10
2 41 10
2 42 10
2 43 10
2 44 10
2 45 10
4 46 10
1 46 9
1 46 8
1 46 7
1 46 6
1 46 5
1 46 4
1 46 3
1 46 2
0 46 1
2 20 17
2 21 17
2 22 17
2 23 17
0 24 17
3 33 40
2 34 40
2 35 40
2 36 40
2 37 40
2 38 40
2 39 40
2 40 40
2 41 40
0 42 40
5 19 16
2 18 16
2 17 16
2 16 16
2 15 16
3 14 16
1 14 15
1 14 14
0 14 13
6 35 34
2 36 34
2 37 34
4 38 34
1 38 33
0 38 32
1 5 44
1 5 43
1 5 42
1 5 41
1 5 40
1 5 39
0 5 38
4 24 18
2 23 18
2 22 18
2 21 18
6 20 18
1 20 19
1 20 20
1 20 21
0 20 22
2 45 1
2 44 1
2 43 1
2 42 1
2 41 1
2 40 1
6 39 1
1 39 2
1 39 3
1 39 4
1 39 5
1 39 6
0 39 7
4 42 41
2 41 41
2 40 41
2 39 41
2 38 41
2 37 41
2 36 41
2 35 41
6 34 41
1 34 42
0 34 43
2 13 24
2 12 24
2 11 24
2 10 24
2 9 24
3 8 24
0 8 23
2 34 39
2 35 39
2 36 39
4 37 39
1 37 38
1 37 37
0 37 36
4 21 22
1 21 21
0 21 20
5 47 34
2 46 34
3 45 34
1 45 33
1 45 32
0 45 31
5 42 39
2 41 39
2 40 39
0 39 39
1 5 46
3 5 47
2 6 47
2 7 47
2 8 47
2 9 47
2 10 47
2 11 47
2 12 47
2 13 47
2 14 47
2 15 47
2 16 47
0 17 47
2 31 32
2 30 32
6 29 32
1 29 33
1 29 34
1 29 35
0 29 36
-1
-1
-1
-1
-1
-1
-1
-1
-1
-1
-1
-1
-1
-1
-1
-1
-1
-1
-1
-1
-1
-1
-1
-1
-1
-1
-1
-1
-1
-1
-1
-1
-1
-1
-1
-1
-1
-1
-1
-1
-1
-1
-1
-1
-1
-1
-1
-1
-1
-1
-1
-1
-1
-1
-1
-1
-1
-1
-1
-1
-1
-1
-1
-1
-1
-1
-1
-1
-1
-1
-1
-1
-1
-1
-1
-1
-1
-1
-1
-1
-1
-1
-1
-1
-1
-1
-1
-1
-1
-1
-1
-1
-1
-1
-1
-1
-1
-1
-1
-1
-1
-1
-1
-1
-1
-1
-1
-1
-1
-1
-1
-1
-1
-1
-1
-1
-1
-1
-1
-1
-1
-1
-1
-1
-1
-1
-1
-1
-1
-1
-1
-1
-1
-1
-1
-1
-1
-1
-1
-1
-1
-1
-1
-1
-1
-1
-1
-1
-1
