0 33 28
2 34 28
2 35 28
2 36 28
2 37 28
4 38 28
1 38 27
1 38 26
1 38 25
1 38 24
1 38 23
1 38 22
1 38 21
1 38 20
1 38 19
1 38 18
1 38 17
1 38 16
1 38 15
1 38 14
1 38 13
1 38 12
1 38 11
1 38 10
1 38 9
1 38 8
1 38 7
0 38 6
2 32 28
2 31 28
2 30 28
2 29 28
2 28 28
2 27 28
2 26 28
2 25 28
2 24 28
-1
2 23 28
-1
2 22 28
2 21 28
-1
2 20 28
-1
2 19 28
-1
2 18 28
-1
3 17 28
-1
1 17 27
1 17 26
-1
-1
-1
-1
-1
-1
-1
-1
-1
-1
-1
-1
-1
-1
-1
-1
-1
-1
-1
-1
-1
-1
-1
-1
-1
-1
-1
-1
-1
-1
-1
-1
-1
-1
-1
-1
-1
-1
-1
-1
-1
-1
-1
-1
-1
-1
-1
-1
-1
-1
-1
-1
-1
-1
-1
-1
-1
-1
-1
-1
-1
-1
-1
-1
-1
-1
-1
-1
-1
-1
-1
-1
-1
-1
-1
-1
-1
-1
-1
-1
-1
-1
-1
-1
-1
-1
-1
-1
-1
-1
0 17 25
1 33 29
-1
1 33 30
1 33 31
1 33 32
1 33 33
1 33 34
1 33 35
1 33 36
1 33 37
1 33 38
1 33 39
1 33 40
1 33 41
3 33 42
2 34 42
2 35 42
2 36 42
-1
2 37 42
2 38 42
2 39 42
2 40 42
2 41 42
2 42 42
-1
-1
-1
-1
-1
-1
-1
-1
-1
-1
-1
-1
-1
-1
-1
-1
-1
-1
-1
-1
-1
-1
-1
-1
-1
-1
-1
-1
-1
-1
-1
-1
-1
-1
-1
-1
-1
-1
-1
-1
-1
-1
-1
-1
-1
-1
-1
-1
-1
-1
-1
-1
0 43 42
4 43 43
2 42 43
2 41 43
2 40 43
2 39 43
6 38 43
-1
-1
-1
-1
-1
-1
-1
-1
-1
-1
-1
-1
-1
-1
-1
-1
-1
-1
-1
-1
-1
-1
-1
-1
-1
-1
-1
-1
-1
-1
-1
-1
-1
-1
-1
0 38 44
2 16 25
2 15 25
2 14 25
2 13 25
2 12 25
2 11 25
2 10 25
2 9 25
2 8 25
2 7 25
2 6 25
2 5 25
2 4 25
2 3 25
6 2 25
1 2 26
1 2 27
1 2 28
-1
-1
-1
-1
-1
-1
-1
-1
-1
-1
-1
-1
-1
-1
-1
-1
-1
-1
-1
-1
-1
0 2 29
5 33 27
2 32 27
2 31 27
2 30 27
3 29 27
1 29 26
1 29 25
1 29 24
1 29 23
1 29 22
1 29 21
1 29 20
1 29 19
1 29 18
-1
-1
-1
-1
-1
-1
-1
-1
-1
-1
-1
-1
-1
-1
0 29 17
1 2 30
1 2 31
1 2 32
1 2 33
1 2 34
1 2 35
1 2 36
1 2 37
1 2 38
1 2 39
1 2 40
1 2 41
1 2 42
1 2 43
-1
-1
-1
-1
-1
-1
-1
0 2 44
5 39 6
1 39 7
1 39 8
1 39 9
1 39 10
1 39 11
1 39 12
1 39 13
1 39 14
3 39 15
2 40 15
-1
-1
-1
-1
-1
0 41 15
2 37 44
2 36 44
2 35 44
2 34 44
2 33 44
2 32 44
2 31 44
2 30 44
2 29 44
2 28 44
2 27 44
2 26 44
2 25 44
2 24 44
3 23 44
1 23 43
1 23 42
1 23 41
1 23 40
1 23 39
1 23 38
0 23 37
2 28 17
2 27 17
2 26 17
2 25 17
2 24 17
2 23 17
2 22 17
3 21 17
1 21 16
1 21 15
1 21 14
1 21 13
1 21 12
1 21 11
1 21 10
1 21 9
0 21 8
3 1 29
1 1 28
1 1 27
1 1 26
1 1 25
6 1 24
2 2 24
2 3 24
2 4 24
2 5 24
4 6 24
1 6 23
1 6 22
1 6 21
1 6 20
0 6 19
1 41 14
1 41 13
0 41 12
1 2 45
1 2 46
3 2 47
2 3 47
2 4 47
2 5 47
2 6 47
2 7 47
2 8 47
2 9 47
2 10 47
2 11 47
2 12 47
0 13 47
2 24 37
2 25 37
2 26 37
2 27 37
2 28 37
2 29 37
4 30 37
1 30 36
1 30 35
0 30 34
2 5 19
2 4 19
2 3 19
2 2 19
3 1 19
1 1 18
1 1 17
1 1 16
1 1 15
1 1 14
1 1 13
1 1 12
0 1 11
2 37 6
2 36 6
2 35 6
2 34 6
6 33 6
1 33 7
0 33 8
5 13 46
2 12 46
2 11 46
3 10 46
1 10 45
1 10 44
1 10 43
1 10 42
1 10 41
1 10 40
1 10 39
0 10 38
2 18 25
2 19 25
2 20 25
2 21 25
2 22 25
2 23 25
2 24 25
2 25 25
4 26 25
1 26 24
1 26 23
1 26 22
0 26 21
2 32 8
2 31 8
2 30 8
3 29 8
1 29 7
1 29 6
1 29 5
1 29 4
1 29 3
0 29 2
2 22 37
2 21 37
2 20 37
2 19 37
2 18 37
3 17 37
1 17 36
1 17 35
1 17 34
1 17 33
1 17 32
1 17 31
0 17 30
2 30 17
0 31 17
2 32 17
2 33 17
2 34 17
0 35 17
5 27 21
1 27 22
1 27 23
1 27 24
1 27 25
4 27 26
6 26 26
0 26 27
2 9 38
2 8 38
3 7 38
1 7 37
1 7 36
1 7 35
0 7 34
1 31 18
1 31 19
1 31 20
3 31 21
0 32 21
5 43 41
2 42 41
2 41 41
2 40 41
2 39 41
2 38 41
2 37 41
2 36 41
3 35 41
1 35 40
1 35 39
1 35 38
1 35 37
1 35 36
1 35 35
1 35 34
0 35 33
6 38 5
4 39 5
1 39 4
1 39 3
1 39 2
0 39 1
5 30 2
1 30 3
0 30 4
2 7 19
2 8 19
2 9 19
2 10 19
4 11 19
1 11 18
1 11 17
0 11 16
5 36 33
1 36 34
1 36 35
0 36 36
2 2 11
2 3 11
2 4 11
2 5 11
2 6 11
2 7 11
4 8 11
0 8 10
2 22 8
2 23 8
2 24 8
2 25 8
2 26 8
2 27 8
0 28 8
2 14 47
2 15 47
2 16 47
4 17 47
1 17 46
1 17 45
1 17 44
1 17 43
0 17 42
6 35 32
2 36 32
2 37 32
2 38 32
4 39 32
1 39 31
1 39 30
1 39 29
0 39 28
4 38 45
2 37 45
2 36 45
2 35 45
2 34 45
2 33 45
2 32 45
2 31 45
2 30 45
6 29 45
1 29 46
0 29 47
4 28 9
2 27 9
2 26 9
6 25 9
1 25 10
0 25 11
1 33 9
1 33 10
1 33 11
0 33 12
2 18 42
2 19 42
0 20 42
2 42 15
2 43 15
2 44 15
2 45 15
2 46 15
4 47 15
0 47 14
5 40 28
3 40 29
2 41 29
2 42 29
2 43 29
2 44 29
2 45 29
0 46 29
2 37 36
2 38 36
2 39 36
2 40 36
0 41 36
5 29 16
2 28 16
2 27 16
2 26 16
2 25 16
2 24 16
0 23 16
2 29 34
2 28 34
3 27 34
1 27 33
1 27 32
1 27 31
0 27 30
3 32 12
0 32 11
1 32 22
1 32 23
1 32 24
1 32 25
3 32 26
2 33 26
2 34 26
2 35 26
2 36 26
0 37 26
5 40 1
1 40 2
1 40 3
1 40 4
3 40 5
0 41 5
6 17 24
2 18 24
4 19 24
0 19 23
-1
-1
-1
-1
-1
-1
-1
-1
-1
-1
-1
-1
-1
-1
-1
-1
-1
-1
-1
-1
-1
-1
-1
-1
-1
-1
-1
-1
-1
-1
-1
-1
-1
-1
-1
-1
-1
-1
-1
-1
-1
-1
-1
-1
-1
-1
-1
-1
-1
-1
-1
-1
-1
-1
-1
-1
-1
-1
-1
-1
-1
-1
-1
-1
-1
-1
-1
-1
-1
-1
-1
-1
-1
-1
-1
-1
-1
-1
-1
-1
-1
-1
-1
-1
-1
-1
-1
-1
-1
-1
-1
-1
-1
-1
-1
-1
-1
-1
-1
-1
