0 8 9
1 8 10
1 8 11
1 8 12
1 8 13
1 8 14
1 8 15
1 8 16
1 8 17
3 8 18
2 9 18
2 10 18
2 11 18
2 12 18
2 13 18
2 14 18
2 15 18
2 16 18
2 17 18
2 18 18
2 19 18
2 20 18
2 21 18
2 22 18
2 23 18
2 24 18
2 25 18
2 26 18
0 27 18
1 27 19
1 27 20
1 27 21
1 27 22
1 27 23
1 27 24
1 27 25
1 27 26
1 27 27
1 27 28
1 27 29
1 27 30
1 27 31
1 27 32
1 27 33
1 27 34
1 27 35
1 27 36
1 27 37
1 27 38
3 27 39
2 28 39
2 29 39
2 30 39
2 31 39
2 32 39
2 33 39
2 34 39
2 35 39
2 36 39
-1
-1
-1
-1
-1
-1
-1
-1
-1
-1
-1
-1
-1
0 37 39
4 37 40
2 36 40
2 35 40
2 34 40
2 33 40
2 32 40
2 31 40
2 30 40
6 29 40
1 29 41
1 29 42
1 29 43
1 29 44
-1
-1
-1
-1
0 29 45
1 8 8
1 8 7
1 8 6
-1
-1
-1
-1
-1
-1
0 8 5
4 30 45
1 30 44
1 30 43
-1
-1
0 30 42
2 7 5
3 6 5
1 6 4
1 6 3
0 6 2
2 28 45
2 27 45
3 26 45
1 26 44
0 26 43
2 38 39
2 39 39
2 40 39
2 41 39
2 42 39
2 43 39
4 44 39
0 44 38
2 7 9
2 6 9
0 5 9
2 28 18
2 29 18
2 30 18
2 31 18
2 32 18
2 33 18
2 34 18
2 35 18
2 36 18
2 37 18
2 38 18
4 39 18
1 39 17
0 39 16
5 9 5
3 9 6
2 10 6
2 11 6
0 12 6
3 25 43
1 25 42
1 25 41
1 25 40
1 25 39
0 25 38
2 5 2
2 4 2
2 3 2
3 2 2
0 2 1
5 27 17
3 26 17
1 26 16
1 26 15
1 26 14
1 26 13
1 26 12
0 26 11
6 37 38
4 38 38
1 38 37
1 38 36
1 38 35
1 38 34
1 38 33
1 38 32
1 38 31
1 38 30
1 38 29
1 38 28
0 38 27
5 9 9
1 9 10
1 9 11
0 9 12
3 29 46
2 30 46
2 31 46
2 32 46
4 33 46
0 33 45
2 13 6
2 14 6
2 15 6
2 16 6
2 17 6
4 18 6
1 18 5
0 18 4
5 40 16
1 40 17
1 40 18
4 40 19
2 39 19
2 38 19
2 37 19
2 36 19
2 35 19
2 34 19
2 33 19
2 32 19
6 31 19
0 31 20
2 37 27
2 36 27
2 35 27
2 34 27
6 33 27
1 33 28
1 33 29
1 33 30
1 33 31
1 33 32
1 33 33
1 33 34
1 33 35
1 33 36
1 33 37
0 33 38
2 4 9
2 3 9
3 2 9
1 2 8
1 2 7
0 2 6
2 24 38
2 23 38
2 22 38
2 21 38
2 20 38
2 19 38
3 18 38
1 18 37
1 18 36
1 18 35
1 18 34
1 18 33
1 18 32
0 18 31
1 25 37
1 25 36
1 25 35
1 25 34
1 25 33
1 25 32
1 25 31
1 25 30
1 25 29
1 25 28
1 25 27
1 25 26
1 25 25
1 25 24
1 25 23
1 25 22
0 25 21
-1
-1
-1
-1
-1
-1
-1
-1
-1
-1
-1
-1
-1
-1
-1
-1
-1
-1
-1
-1
-1
-1
-1
-1
-1
-1
-1
-1
-1
-1
-1
-1
-1
-1
-1
-1
-1
-1
-1
-1
-1
-1
-1
-1
-1
-1
-1
-1
-1
-1
-1
-1
-1
-1
-1
-1
-1
-1
-1
-1
-1
-1
-1
-1
-1
-1
-1
-1
-1
-1
-1
-1
-1
-1
-1
-1
-1
-1
-1
-1
-1
-1
-1
-1
-1
-1
-1
-1
-1
-1
-1
-1
-1
-1
-1
-1
-1
-1
-1
-1
-1
-1
-1
-1
-1
-1
-1
-1
-1
-1
-1
-1
-1
-1
-1
-1
-1
-1
-1
-1
-1
-1
-1
-1
-1
-1
-1
-1
-1
-1
-1
-1
-1
-1
-1
-1
-1
-1
-1
-1
-1
-1
-1
-1
-1
-1
-1
-1
-1
-1
-1
-1
-1
-1
-1
-1
-1
-1
-1
-1
-1
-1
-1
-1
-1
-1
-1
-1
-1
-1
-1
-1
-1
-1
-1
-1
-1
-1
-1
-1
-1
-1
-1
-1
-1
-1
-1
-1
-1
-1
-1
-1
-1
-1
-1
-1
-1
-1
-1
-1
-1
-1
-1
-1
-1
-1
-1
-1
-1
-1
-1
-1
-1
-1
-1
-1
-1
-1
-1
-1
-1
-1
-1
-1
-1
-1
-1
-1
-1
-1
-1
-1
-1
-1
-1
-1
-1
-1
-1
-1
-1
-1
-1
-1
-1
-1
-1
-1
-1
-1
-1
-1
-1
-1
-1
-1
-1
-1
-1
-1
-1
-1
-1
-1
-1
-1
-1
-1
-1
-1
-1
-1
-1
-1
-1
-1
-1
-1
-1
-1
-1
-1
-1
-1
-1
-1
-1
-1
-1
-1
-1
-1
-1
-1
-1
-1
-1
-1
-1
-1
-1
-1
-1
-1
-1
-1
-1
-1
-1
-1
-1
-1
-1
-1
-1
-1
-1
-1
-1
-1
-1
-1
-1
-1
-1
-1
-1
-1
-1
-1
-1
-1
-1
-1
-1
-1
-1
-1
-1
-1
-1
-1
-1
-1
-1
-1
-1
-1
-1
-1
-1
-1
-1
-1
-1
-1
-1
-1
-1
-1
-1
-1
-1
-1
-1
-1
-1
-1
-1
-1
-1
-1
-1
-1
-1
-1
-1
-1
-1
-1
-1
-1
-1
-1
-1
-1
-1
-1
-1
-1
-1
-1
-1
-1
-1
-1
-1
-1
-1
-1
-1
-1
-1
-1
-1
-1
-1
-1
-1
-1
-1
-1
-1
-1
-1
-1
-1
-1
-1
-1
-1
-1
-1
-1
-1
-1
-1
-1
-1
-1
-1
-1
-1
-1
-1
-1
-1
-1
-1
-1
-1
-1
-1
-1
-1
-1
-1
-1
-1
-1
-1
-1
-1
-1
-1
-1
-1
-1
-1
-1
-1
-1
-1
-1
-1
-1
-1
-1
-1
-1
-1
-1
-1
-1
-1
-1
-1
-1
-1
-1
-1
-1
-1
-1
-1
-1
-1
-1
-1
-1
-1
-1
-1
-1
-1
-1
-1
-1
-1
-1
-1
-1
-1
-1
-1
-1
-1
-1
-1
-1
-1
-1
-1
-1
-1
-1
-1
-1
-1
-1
-1
-1
-1
-1
-1
-1
-1
-1
-1
-1
-1
-1
-1
-1
-1
-1
