0 4 3
1 4 4
1 4 5
1 4 6
1 4 7
1 4 8
1 4 9
1 4 10
1 4 11
1 4 12
1 4 13
1 4 14
1 4 15
1 4 16
1 4 17
1 4 18
1 4 19
1 4 20
1 4 21
1 4 22
1 4 23
1 4 24
1 4 25
1 4 26
1 4 27
1 4 28
1 4 29
1 4 30
1 4 31
1 4 32
1 4 33
1 4 34
1 4 35
1 4 36
1 4 37
1 4 38
1 4 39
1 4 40
1 4 41
1 4 42
3 4 43
2 5 43
2 6 43
2 7 43
2 8 43
2 9 43
2 10 43
2 11 43
2 12 43
2 13 43
2 14 43
2 15 43
2 16 43
2 17 43
2 18 43
2 19 43
2 20 43
2 21 43
2 22 43
2 23 43
2 24 43
2 25 43
2 26 43
2 27 43
0 28 43
5 28 42
3 27 42
1 27 41
1 27 40
1 27 39
1 27 38
1 27 37
1 27 36
1 27 35
1 27 34
1 27 33
1 27 32
1 27 31
1 27 30
1 27 29
1 27 28
1 27 27
1 27 26
-1
-1
-1
-1
-1
-1
-1
-1
-1
-1
-1
-1
-1
-1
0 27 25
2 26 25
3 25 25
1 25 24
1 25 23
1 25 22
1 25 21
-1
-1
-1
-1
-1
-1
-1
-1
-1
-1
-1
-1
-1
-1
-1
-1
-1
-1
-1
0 25 20
2 29 43
2 30 43
2 31 43
2 32 43
2 33 43
2 34 43
2 35 43
2 36 43
4 37 43
-1
-1
-1
-1
-1
-1
-1
-1
-1
-1
0 37 42
5 28 25
1 28 26
3 28 27
2 29 27
2 30 27
2 31 27
2 32 27
2 33 27
2 34 27
2 35 27
2 36 27
-1
-1
-1
-1
0 37 27
2 24 20
2 23 20
-1
-1
-1
-1
-1
-1
-1
-1
-1
0 22 20
2 3 3
2 2 3
2 1 3
6 0 3
1 0 4
1 0 5
-1
-1
-1
0 0 6
1 37 28
1 37 29
1 37 30
3 37 31
2 38 31
-1
-1
-1
0 39 31
2 5 3
2 6 3
2 7 3
2 8 3
4 9 3
1 9 2
1 9 1
-1
0 9 0
4 39 32
2 38 32
2 37 32
2 36 32
2 35 32
2 34 32
0 33 32
1 22 21
1 22 22
1 22 23
1 22 24
1 22 25
1 22 26
1 22 27
1 22 28
3 22 29
2 23 29
2 24 29
2 25 29
0 26 29
4 28 44
2 27 44
2 26 44
2 25 44
2 24 44
2 23 44
2 22 44
2 21 44
2 20 44
2 19 44
2 18 44
2 17 44
2 16 44
2 15 44
2 14 44
2 13 44
2 12 44
2 11 44
2 10 44
6 9 44
0 9 45
2 26 20
2 27 20
2 28 20
4 29 20
1 29 19
1 29 18
1 29 17
1 29 16
1 29 15
0 29 14
6 25 19
2 26 19
4 27 19
1 27 18
0 27 17
2 21 20
2 20 20
6 19 20
1 19 21
1 19 22
1 19 23
0 19 24
2 30 14
2 31 14
2 32 14
2 33 14
2 34 14
4 35 14
1 35 13
1 35 12
1 35 11
1 35 10
1 35 9
1 35 8
1 35 7
1 35 6
0 35 5
5 40 31
1 40 32
1 40 33
1 40 34
3 40 35
2 41 35
2 42 35
0 43 35
5 38 42
1 38 43
3 38 44
2 39 44
2 40 44
0 41 44
1 0 7
1 0 8
1 0 9
3 0 10
0 1 10
5 10 0
1 10 1
1 10 2
1 10 3
4 10 4
2 9 4
2 8 4
2 7 4
6 6 4
1 6 5
0 6 6
2 10 45
2 11 45
2 12 45
2 13 45
2 14 45
2 15 45
2 16 45
2 17 45
2 18 45
2 19 45
2 20 45
2 21 45
2 22 45
2 23 45
0 24 45
2 18 24
2 17 24
2 16 24
2 15 24
2 14 24
2 13 24
2 12 24
2 11 24
2 10 24
2 9 24
6 8 24
1 8 25
1 8 26
1 8 27
1 8 28
1 8 29
1 8 30
1 8 31
0 8 32
2 7 6
2 8 6
2 9 6
2 10 6
2 11 6
4 12 6
1 12 5
1 12 4
1 12 3
0 12 2
6 27 24
2 28 24
2 29 24
4 30 24
1 30 23
1 30 22
1 30 21
0 30 20
4 26 30
2 25 30
2 24 30
2 23 30
6 22 30
1 22 31
1 22 32
1 22 33
1 22 34
1 22 35
1 22 36
1 22 37
1 22 38
1 22 39
1 22 40
0 22 41
5 22 19
2 21 19
2 20 19
2 19 19
2 18 19
2 17 19
2 16 19
6 15 19
0 15 20
-1
-1
-1
-1
-1
-1
-1
-1
-1
-1
-1
-1
-1
-1
-1
-1
-1
-1
-1
-1
-1
-1
-1
-1
-1
-1
-1
-1
-1
-1
-1
-1
-1
-1
-1
-1
-1
-1
-1
-1
-1
-1
-1
-1
-1
-1
-1
-1
-1
-1
-1
-1
-1
-1
-1
-1
-1
-1
-1
-1
-1
-1
-1
-1
-1
-1
-1
-1
-1
-1
-1
-1
-1
-1
-1
-1
-1
-1
-1
-1
-1
-1
-1
-1
-1
-1
-1
-1
-1
-1
-1
-1
-1
-1
-1
-1
-1
-1
-1
-1
-1
-1
-1
-1
-1
-1
-1
-1
-1
-1
-1
-1
-1
-1
-1
-1
-1
-1
-1
-1
-1
-1
-1
-1
-1
-1
-1
-1
-1
-1
-1
-1
-1
-1
-1
-1
-1
-1
-1
-1
-1
-1
-1
-1
-1
-1
-1
-1
-1
-1
-1
-1
-1
-1
-1
-1
-1
-1
-1
-1
-1
-1
-1
-1
-1
-1
-1
-1
-1
-1
-1
-1
-1
-1
-1
-1
-1
-1
-1
-1
-1
-1
-1
-1
-1
-1
-1
-1
-1
-1
-1
-1
-1
-1
-1
-1
-1
-1
-1
-1
-1
-1
-1
-1
-1
-1
-1
-1
-1
-1
-1
-1
-1
-1
-1
-1
-1
-1
-1
-1
-1
-1
-1
-1
-1
-1
-1
-1
-1
-1
-1
-1
-1
-1
-1
-1
-1
-1
-1
-1
-1
-1
-1
-1
-1
-1
-1
-1
-1
-1
-1
-1
-1
-1
-1
-1
-1
-1
-1
-1
-1
-1
-1
-1
-1
-1
-1
-1
-1
-1
-1
-1
-1
-1
-1
-1
-1
-1
-1
-1
-1
-1
-1
-1
-1
-1
-1
-1
-1
-1
-1
-1
-1
-1
-1
-1
-1
-1
-1
-1
-1
-1
-1
-1
-1
-1
-1
-1
-1
-1
-1
-1
-1
-1
-1
-1
-1
-1
-1
-1
-1
-1
-1
-1
-1
-1
-1
-1
-1
-1
-1
-1
-1
-1
-1
-1
-1
-1
-1
-1
-1
-1
-1
-1
-1
-1
-1
-1
-1
-1
-1
-1
-1
-1
-1
-1
-1
-1
-1
-1
-1
-1
-1
-1
-1
-1
-1
-1
-1
-1
-1
-1
-1
-1
-1
-1
-1
-1
-1
-1
-1
-1
-1
-1
-1
-1
-1
-1
-1
-1
-1
-1
-1
-1
-1
-1
-1
-1
-1
-1
-1
-1
-1
-1
-1
-1
-1
-1
-1
-1
-1
-1
-1
-1
-1
