0 16 6
1 16 7
1 16 8
1 16 9
1 16 10
1 16 11
1 16 12
1 16 13
1 16 14
1 16 15
1 16 16
1 16 17
1 16 18
1 16 19
1 16 20
1 16 21
1 16 22
1 16 23
1 16 24
1 16 25
1 16 26
3 16 27
2 17 27
2 18 27
2 19 27
2 20 27
2 21 27
2 22 27
2 23 27
2 24 27
2 25 27
2 26 27
2 27 27
2 28 27
2 29 27
2 30 27
2 31 27
2 32 27
2 33 27
2 34 27
2 35 27
2 36 27
2 37 27
0 38 27
1 38 28
1 38 29
1 38 30
1 38 31
1 38 32
1 38 33
1 38 34
1 38 35
1 38 36
1 38 37
3 38 38
2 39 38
2 40 38
2 41 38
2 42 38
-1
-1
-1
-1
-1
-1
-1
-1
-1
-1
-1
-1
-1
-1
-1
-1
-1
-1
-1
-1
-1
-1
-1
-1
-1
-1
-1
-1
-1
-1
-1
-1
-1
-1
-1
-1
-1
-1
-1
-1
-1
-1
-1
-1
-1
-1
-1
-1
-1
-1
-1
-1
-1
0 43 38
4 43 39
2 42 39
2 41 39
2 40 39
2 39 39
2 38 39
3 37 39
1 37 38
1 37 37
1 37 36
1 37 35
1 37 34
1 37 33
-1
-1
-1
-1
-1
-1
-1
-1
-1
-1
-1
-1
-1
-1
-1
-1
-1
-1
-1
-1
-1
-1
-1
-1
-1
-1
-1
0 37 32
2 15 6
2 14 6
2 13 6
2 12 6
2 11 6
6 10 6
1 10 7
-1
-1
-1
-1
-1
-1
-1
-1
-1
-1
-1
-1
-1
-1
-1
-1
-1
-1
-1
-1
-1
0 10 8
5 44 38
1 44 39
1 44 40
1 44 41
1 44 42
1 44 43
1 44 44
1 44 45
1 44 46
-1
-1
-1
-1
-1
-1
-1
-1
-1
-1
-1
-1
-1
0 44 47
1 10 9
1 10 10
1 10 11
1 10 12
3 10 13
-1
-1
-1
-1
-1
-1
-1
-1
-1
-1
0 11 13
4 11 14
2 10 14
2 9 14
2 8 14
2 7 14
2 6 14
2 5 14
2 4 14
6 3 14
1 3 15
1 3 16
1 3 17
1 3 18
-1
0 3 19
1 3 20
1 3 21
1 3 22
1 3 23
1 3 24
1 3 25
3 3 26
2 4 26
2 5 26
2 6 26
-1
0 7 26
2 17 6
2 18 6
2 19 6
2 20 6
2 21 6
2 22 6
2 23 6
2 24 6
-1
0 25 6
2 39 27
2 40 27
2 41 27
2 42 27
2 43 27
2 44 27
4 45 27
-1
-1
0 45 26
5 25 5
2 24 5
2 23 5
2 22 5
3 21 5
1 21 4
1 21 3
1 21 2
0 21 1
2 26 6
2 27 6
2 28 6
2 29 6
2 30 6
2 31 6
2 32 6
2 33 6
2 34 6
2 35 6
2 36 6
2 37 6
2 38 6
2 39 6
2 40 6
4 41 6
1 41 5
1 41 4
1 41 3
0 41 2
2 46 26
4 47 26
1 47 25
1 47 24
1 47 23
1 47 22
1 47 21
1 47 20
0 47 19
1 7 27
1 7 28
0 7 29
2 46 19
2 45 19
2 44 19
2 43 19
2 42 19
6 41 19
0 41 20
5 43 37
2 42 37
2 41 37
2 40 37
3 39 37
0 39 36
1 7 30
1 7 31
1 7 32
1 7 33
1 7 34
1 7 35
1 7 36
3 7 37
2 8 37
2 9 37
2 10 37
2 11 37
2 12 37
2 13 37
2 14 37
2 15 37
0 16 37
4 25 7
2 24 7
2 23 7
2 22 7
2 21 7
2 20 7
6 19 7
1 19 8
0 19 9
2 45 47
2 46 47
4 47 47
1 47 46
1 47 45
1 47 44
1 47 43
1 47 42
1 47 41
1 47 40
0 47 39
2 2 19
2 1 19
3 0 19
1 0 18
1 0 17
1 0 16
1 0 15
1 0 14
1 0 13
1 0 12
0 0 11
2 9 8
3 8 8
1 8 7
1 8 6
0 8 5
2 6 29
6 5 29
1 5 30
1 5 31
1 5 32
0 5 33
3 43 47
1 43 46
1 43 45
1 43 44
1 43 43
0 43 42
4 9 5
1 9 4
1 9 3
1 9 2
0 9 1
2 20 9
2 21 9
2 22 9
2 23 9
2 24 9
2 25 9
2 26 9
4 27 9
0 27 8
5 11 8
1 11 9
3 11 10
2 12 10
0 13 10
2 36 32
3 35 32
1 35 31
1 35 30
1 35 29
0 35 28
6 40 20
1 40 21
1 40 22
0 40 23
2 20 1
2 19 1
6 18 1
0 18 2
5 28 8
1 28 9
4 28 10
6 27 10
1 27 11
1 27 12
1 27 13
1 27 14
0 27 15
2 8 1
2 7 1
2 6 1
2 5 1
2 4 1
0 3 1
1 16 38
1 16 39
3 16 40
2 17 40
2 18 40
2 19 40
0 20 40
5 12 13
1 12 14
1 12 15
1 12 16
1 12 17
1 12 18
3 12 19
0 13 19
2 26 15
2 25 15
2 24 15
6 23 15
1 23 16
1 23 17
1 23 18
1 23 19
1 23 20
1 23 21
1 23 22
1 23 23
1 23 24
1 23 25
0 23 26
2 40 2
2 39 2
2 38 2
2 37 2
2 36 2
2 35 2
2 34 2
2 33 2
6 32 2
0 32 3
2 1 11
2 2 11
2 3 11
4 4 11
1 4 10
1 4 9
0 4 8
5 16 5
2 15 5
2 14 5
0 13 5
2 42 42
3 41 42
0 41 41
1 20 41
1 20 42
1 20 43
1 20 44
1 20 45
1 20 46
3 20 47
2 21 47
0 22 47
6 18 9
1 18 10
1 18 11
1 18 12
1 18 13
1 18 14
1 18 15
1 18 16
1 18 17
1 18 18
0 18 19
2 42 2
0 43 2
4 8 29
0 8 28
5 4 19
3 4 20
2 5 20
0 6 20
2 40 36
2 41 36
4 42 36
1 42 35
1 42 34
1 42 33
1 42 32
0 42 31
4 8 26
1 8 25
1 8 24
0 8 23
-1
-1
-1
-1
-1
-1
-1
-1
-1
-1
-1
-1
-1
-1
-1
-1
-1
-1
-1
-1
-1
-1
-1
-1
-1
-1
-1
-1
-1
-1
-1
-1
-1
-1
-1
-1
-1
-1
-1
-1
-1
-1
-1
-1
-1
-1
-1
-1
-1
-1
-1
-1
-1
-1
-1
-1
-1
-1
-1
-1
-1
-1
-1
-1
-1
-1
-1
-1
-1
-1
-1
-1
-1
-1
-1
-1
-1
-1
-1
-1
-1
-1
-1
-1
-1
-1
-1
-1
-1
-1
-1
-1
-1
-1
-1
-1
-1
-1
-1
-1
-1
-1
-1
-1
-1
-1
-1
-1
-1
-1
-1
-1
-1
-1
-1
-1
-1
-1
-1
-1
-1
-1
-1
-1
-1
-1
-1
-1
-1
-1
-1
-1
-1
-1
-1
-1
-1
-1
-1
-1
-1
-1
-1
-1
-1
-1
-1
-1
-1
-1
-1
-1
-1
-1
-1
-1
-1
-1
-1
-1
-1
-1
-1
-1
-1
-1
-1
-1
-1
-1
-1
-1
-1
-1
-1
-1
-1
-1
-1
-1
-1
-1
-1
-1
-1
-1
-1
-1
-1
-1
-1
-1
-1
-1
-1
-1
-1
-1
-1
-1
-1
-1
-1
-1
-1
-1
-1
-1
-1
-1
-1
-1
-1
-1
-1
-1
-1
-1
-1
-1
-1
-1
-1
-1
-1
-1
-1
-1
-1
-1
-1
-1
-1
-1
-1
-1
-1
-1
-1
-1
-1
-1
-1
-1
-1
-1
-1
-1
-1
-1
-1
-1
-1
-1
-1
-1
-1
-1
-1
-1
-1
-1
-1
-1
-1
-1
-1
-1
-1
-1
