0 35 11
1 35 12
1 35 13
1 35 14
1 35 15
1 35 16
1 35 17
1 35 18
1 35 19
1 35 20
1 35 21
1 35 22
3 35 23
2 36 23
2 37 23
2 38 23
0 39 23
4 39 24
2 38 24
2 37 24
2 36 24
-1
2 35 24
-1
2 34 24
-1
2 33 24
2 32 24
-1
2 31 24
-1
2 30 24
-1
2 29 24
-1
2 28 24
-1
2 27 24
-1
2 26 24
-1
2 25 24
-1
2 24 24
-1
2 23 24
-1
2 22 24
-1
2 21 24
-1
2 20 24
-1
2 19 24
-1
2 18 24
-1
2 17 24
-1
2 16 24
-1
2 15 24
-1
2 14 24
-1
2 13 24
-1
3 12 24
-1
1 12 23
-1
-1
-1
-1
-1
-1
-1
-1
-1
-1
-1
-1
-1
-1
-1
-1
-1
-1
-1
-1
-1
-1
-1
-1
-1
-1
-1
-1
-1
-1
-1
-1
-1
-1
-1
-1
-1
-1
-1
-1
-1
-1
-1
-1
-1
-1
-1
-1
-1
-1
-1
-1
-1
-1
-1
-1
-1
-1
-1
-1
-1
-1
-1
-1
-1
-1
-1
-1
-1
-1
-1
-1
-1
-1
-1
-1
-1
-1
-1
-1
-1
-1
-1
-1
-1
-1
-1
-1
-1
-1
-1
-1
-1
-1
-1
-1
-1
0 12 22
2 36 11
2 37 11
4 38 11
1 38 10
1 38 9
1 38 8
1 38 7
1 38 6
-1
-1
-1
-1
-1
-1
-1
-1
-1
-1
-1
-1
-1
-1
-1
-1
-1
-1
-1
-1
-1
-1
-1
-1
-1
-1
-1
-1
-1
-1
-1
-1
-1
-1
-1
-1
-1
-1
-1
-1
-1
-1
-1
-1
-1
0 38 5
6 11 22
1 11 23
1 11 24
1 11 25
1 11 26
1 11 27
1 11 28
1 11 29
1 11 30
1 11 31
1 11 32
1 11 33
1 11 34
1 11 35
1 11 36
1 11 37
1 11 38
1 11 39
1 11 40
1 11 41
3 11 42
2 12 42
2 13 42
-1
-1
-1
-1
-1
-1
-1
-1
-1
-1
-1
-1
-1
-1
-1
-1
-1
-1
-1
0 14 42
1 39 22
1 39 21
1 39 20
1 39 19
-1
-1
-1
-1
-1
-1
-1
-1
-1
-1
-1
-1
-1
-1
-1
0 39 18
3 14 43
2 15 43
2 16 43
2 17 43
2 18 43
-1
-1
-1
-1
-1
-1
-1
-1
0 19 43
5 40 23
1 40 24
1 40 25
1 40 26
1 40 27
1 40 28
1 40 29
1 40 30
1 40 31
1 40 32
1 40 33
1 40 34
1 40 35
1 40 36
1 40 37
1 40 38
1 40 39
1 40 40
1 40 41
1 40 42
1 40 43
3 40 44
2 41 44
0 42 44
2 37 5
2 36 5
2 35 5
2 34 5
2 33 5
0 32 5
5 13 22
3 13 23
2 14 23
2 15 23
2 16 23
2 17 23
0 18 23
4 42 45
2 41 45
2 40 45
2 39 45
0 38 45
5 12 21
2 11 21
2 10 21
2 9 21
2 8 21
2 7 21
2 6 21
2 5 21
2 4 21
2 3 21
6 2 21
1 2 22
1 2 23
1 2 24
1 2 25
1 2 26
1 2 27
1 2 28
1 2 29
0 2 30
2 34 11
2 33 11
2 32 11
3 31 11
0 31 10
2 30 10
2 29 10
3 28 10
1 28 9
0 28 8
2 19 23
2 20 23
2 21 23
2 22 23
2 23 23
2 24 23
2 25 23
2 26 23
2 27 23
2 28 23
4 29 23
1 29 22
1 29 21
0 29 20
5 38 4
2 37 4
2 36 4
3 35 4
1 35 3
0 35 2
5 43 44
3 43 45
2 44 45
2 45 45
2 46 45
0 47 45
2 31 5
2 30 5
0 29 5
5 40 18
1 40 19
1 40 20
1 40 21
3 40 22
5 41 22
1 41 23
1 41 24
3 41 25
2 42 25
0 43 25
1 47 44
1 47 43
1 47 42
1 47 41
1 47 40
1 47 39
0 47 38
2 30 20
2 31 20
2 32 20
2 33 20
0 34 20
2 20 43
2 21 43
2 22 43
2 23 43
4 24 43
1 24 42
1 24 41
1 24 40
1 24 39
1 24 38
1 24 37
1 24 36
1 24 35
1 24 34
1 24 33
0 24 32
1 2 31
1 2 32
1 2 33
3 2 34
0 3 34
2 39 5
2 40 5
2 41 5
4 42 5
1 42 4
1 42 3
1 42 2
0 42 1
2 3 30
2 4 30
2 5 30
2 6 30
2 7 30
4 8 30
1 8 29
1 8 28
1 8 27
1 8 26
1 8 25
0 8 24
2 28 20
2 27 20
6 26 20
0 26 21
5 43 1
1 43 2
1 43 3
1 43 4
1 43 5
4 43 6
2 42 6
6 41 6
1 41 7
0 41 8
6 18 22
4 19 22
1 19 21
1 19 20
1 19 19
1 19 18
1 19 17
1 19 16
1 19 15
1 19 14
1 19 13
0 19 12
2 46 38
2 45 38
2 44 38
2 43 38
0 42 38
3 1 30
1 1 29
1 1 28
1 1 27
0 1 26
1 32 6
3 32 7
0 33 7
6 38 44
4 39 44
1 39 43
1 39 42
1 39 41
1 39 40
1 39 39
1 39 38
1 39 37
1 39 36
1 39 35
0 39 34
5 14 41
2 13 41
3 12 41
1 12 40
1 12 39
1 12 38
1 12 37
1 12 36
1 12 35
1 12 34
1 12 33
1 12 32
1 12 31
1 12 30
0 12 29
2 18 12
2 17 12
2 16 12
6 15 12
1 15 13
1 15 14
1 15 15
1 15 16
1 15 17
1 15 18
1 15 19
1 15 20
1 15 21
0 15 22
5 47 37
2 46 37
3 45 37
1 45 36
1 45 35
1 45 34
1 45 33
0 45 32
2 25 21
2 24 21
6 23 21
0 23 22
-1
-1
-1
-1
-1
-1
-1
-1
-1
-1
-1
-1
-1
-1
-1
-1
-1
-1
-1
-1
-1
-1
-1
-1
-1
-1
-1
-1
-1
-1
-1
-1
-1
-1
-1
-1
-1
-1
-1
-1
-1
-1
-1
-1
-1
-1
-1
-1
-1
-1
-1
-1
-1
-1
-1
-1
-1
-1
-1
-1
-1
-1
-1
-1
-1
-1
-1
-1
-1
-1
-1
-1
-1
-1
-1
-1
-1
-1
-1
-1
-1
-1
-1
-1
-1
-1
-1
-1
-1
-1
-1
-1
-1
-1
-1
-1
-1
-1
-1
-1
-1
-1
-1
-1
-1
-1
-1
-1
-1
-1
-1
-1
-1
-1
-1
-1
-1
-1
-1
-1
-1
-1
-1
-1
-1
-1
-1
-1
-1
-1
-1
-1
-1
-1
-1
-1
-1
-1
-1
-1
-1
-1
-1
-1
-1
-1
-1
-1
-1
-1
-1
-1
-1
-1
-1
-1
-1
-1
-1
-1
-1
-1
-1
-1
-1
-1
-1
-1
-1
-1
-1
-1
-1
-1
-1
-1
-1
-1
-1
-1
-1
-1
-1
-1
-1
-1
-1
-1
-1
-1
-1
-1
-1
-1
-1
-1
-1
-1
-1
-1
-1
-1
-1
-1
-1
-1
-1
-1
-1
-1
-1
-1
-1
-1
-1
-1
-1
-1
-1
-1
-1
-1
-1
-1
-1
-1
-1
-1
-1
-1
-1
-1
-1
-1
-1
-1
-1
-1
-1
-1
-1
-1
-1
-1
