0 19 47
2 20 47
2 21 47
2 22 47
2 23 47
2 24 47
2 25 47
2 26 47
2 27 47
2 28 47
2 29 47
2 30 47
4 31 47
1 31 46
1 31 45
1 31 44
1 31 43
1 31 42
1 31 41
1 31 40
1 31 39
1 31 38
1 31 37
1 31 36
0 31 35
2 18 47
2 17 47
2 16 47
2 15 47
2 14 47
2 13 47
2 12 47
2 11 47
2 10 47
3 9 47
1 9 46
1 9 45
1 9 44
1 9 43
1 9 42
1 9 41
1 9 40
1 9 39
1 9 38
1 9 37
1 9 36
1 9 35
1 9 34
1 9 33
1 9 32
1 9 31
1 9 30
1 9 29
1 9 28
1 9 27
1 9 26
1 9 25
1 9 24
1 9 23
1 9 22
1 9 21
1 9 20
1 9 19
1 9 18
1 9 17
1 9 16
1 9 15
1 9 14
0 9 13
2 32 35
2 33 35
2 34 35
2 35 35
-1
0 36 35
2 30 35
6 29 35
1 29 36
1 29 37
1 29 38
-1
-1
0 29 39
2 10 13
2 11 13
2 12 13
2 13 13
4 14 13
1 14 12
0 14 11
4 36 36
2 35 36
2 34 36
6 33 36
1 33 37
0 33 38
1 9 12
1 9 11
1 9 10
1 9 9
0 9 8
5 15 11
1 15 12
1 15 13
4 15 14
2 14 14
2 13 14
0 12 14
6 14 10
2 15 10
2 16 10
2 17 10
2 18 10
2 19 10
2 20 10
2 21 10
2 22 10
2 23 10
2 24 10
2 25 10
2 26 10
2 27 10
2 28 10
2 29 10
2 30 10
2 31 10
2 32 10
2 33 10
2 34 10
2 35 10
2 36 10
2 37 10
2 38 10
2 39 10
2 40 10
2 41 10
2 42 10
2 43 10
4 44 10
0 44 9
2 8 13
2 7 13
2 6 13
2 5 13
6 4 13
1 4 14
0 4 15
1 4 16
1 4 17
1 4 18
1 4 19
1 4 20
3 4 21
2 5 21
2 6 21
2 7 21
0 8 21
1 33 39
1 33 40
1 33 41
0 33 42
2 8 8
2 7 8
2 6 8
6 5 8
1 5 9
0 5 10
6 19 46
2 20 46
4 21 46
1 21 45
0 21 44
1 12 15
1 12 16
1 12 17
1 12 18
1 12 19
3 12 20
2 13 20
2 14 20
2 15 20
2 16 20
2 17 20
0 18 20
5 45 9
1 45 10
4 45 11
2 44 11
2 43 11
6 42 11
1 42 12
1 42 13
0 42 14
2 43 9
3 42 9
1 42 8
1 42 7
1 42 6
0 42 5
1 29 40
1 29 41
0 29 42
5 9 7
2 8 7
2 7 7
2 6 7
3 5 7
1 5 6
1 5 5
1 5 4
0 5 3
2 4 3
2 3 3
6 2 3
1 2 4
0 2 5
2 20 44
2 19 44
2 18 44
0 17 44
-1
-1
-1
-1
-1
-1
-1
-1
-1
-1
-1
-1
-1
-1
-1
-1
-1
-1
-1
-1
-1
-1
-1
-1
-1
-1
-1
-1
-1
-1
-1
-1
-1
-1
-1
-1
-1
-1
-1
-1
-1
-1
-1
-1
-1
-1
-1
-1
-1
-1
-1
-1
-1
-1
-1
-1
-1
-1
-1
-1
-1
-1
-1
-1
-1
-1
-1
-1
-1
-1
-1
-1
-1
-1
-1
-1
-1
-1
-1
-1
-1
-1
-1
-1
-1
-1
-1
-1
-1
-1
-1
-1
-1
-1
-1
-1
-1
-1
-1
-1
-1
-1
-1
-1
-1
-1
-1
-1
-1
-1
-1
-1
-1
-1
-1
-1
-1
-1
-1
-1
-1
-1
-1
-1
-1
-1
-1
-1
-1
-1
-1
-1
-1
-1
-1
-1
-1
-1
-1
-1
-1
-1
-1
-1
-1
-1
-1
-1
-1
-1
-1
-1
-1
-1
-1
-1
-1
-1
-1
-1
-1
-1
-1
-1
-1
-1
-1
-1
-1
-1
-1
-1
-1
-1
-1
-1
-1
-1
-1
-1
-1
-1
-1
-1
-1
-1
-1
-1
-1
-1
-1
-1
-1
-1
-1
-1
-1
-1
-1
-1
-1
-1
-1
-1
-1
-1
-1
-1
-1
-1
-1
-1
-1
-1
-1
-1
-1
-1
-1
-1
-1
-1
-1
-1
-1
-1
-1
-1
-1
-1
-1
-1
-1
-1
-1
-1
-1
-1
-1
-1
-1
-1
-1
-1
-1
-1
-1
-1
-1
-1
-1
-1
-1
-1
-1
-1
-1
-1
-1
-1
-1
-1
-1
-1
-1
-1
-1
-1
-1
-1
-1
-1
-1
-1
-1
-1
-1
-1
-1
-1
-1
-1
-1
-1
-1
-1
-1
-1
-1
-1
-1
-1
-1
-1
-1
-1
-1
-1
-1
-1
-1
-1
-1
-1
-1
-1
-1
-1
-1
-1
-1
-1
-1
-1
-1
-1
-1
-1
-1
-1
-1
-1
-1
-1
-1
-1
-1
-1
-1
-1
-1
-1
-1
-1
-1
-1
-1
-1
-1
-1
-1
-1
-1
-1
-1
-1
-1
-1
-1
-1
-1
-1
-1
-1
-1
-1
-1
-1
-1
-1
-1
-1
-1
-1
-1
-1
-1
-1
-1
-1
-1
-1
-1
-1
-1
-1
-1
-1
-1
-1
-1
-1
-1
-1
-1
-1
-1
-1
-1
-1
-1
-1
-1
-1
-1
-1
-1
-1
-1
-1
-1
-1
-1
-1
-1
-1
-1
-1
-1
-1
-1
-1
-1
-1
-1
-1
-1
-1
-1
-1
-1
-1
-1
-1
-1
-1
-1
-1
-1
-1
-1
-1
-1
-1
-1
-1
-1
-1
-1
-1
-1
-1
-1
-1
-1
-1
-1
-1
-1
-1
-1
-1
-1
-1
-1
-1
-1
-1
-1
-1
-1
-1
-1
-1
-1
-1
-1
-1
-1
-1
-1
-1
-1
-1
-1
-1
-1
-1
-1
-1
-1
-1
-1
-1
-1
-1
-1
-1
-1
-1
-1
-1
-1
-1
-1
-1
-1
-1
-1
-1
-1
-1
-1
-1
-1
-1
-1
-1
-1
-1
-1
-1
-1
-1
-1
-1
-1
-1
-1
-1
-1
-1
-1
-1
-1
-1
-1
-1
-1
-1
-1
-1
-1
-1
-1
-1
-1
-1
-1
-1
-1
-1
-1
-1
-1
-1
-1
-1
-1
-1
-1
-1
-1
-1
-1
-1
-1
-1
-1
-1
-1
-1
-1
-1
-1
-1
-1
-1
-1
-1
-1
-1
-1
-1
-1
-1
-1
-1
-1
-1
