0 10 38
2 11 38
2 12 38
2 13 38
2 14 38
2 15 38
2 16 38
2 17 38
2 18 38
2 19 38
4 20 38
1 20 37
1 20 36
1 20 35
1 20 34
1 20 33
1 20 32
1 20 31
1 20 30
1 20 29
1 20 28
1 20 27
1 20 26
1 20 25
1 20 24
1 20 23
1 20 22
1 20 21
1 20 20
1 20 19
1 20 18
0 20 17
2 21 17
2 22 17
2 23 17
2 24 17
2 25 17
2 26 17
4 27 17
-1
1 27 16
1 27 15
-1
1 27 14
1 27 13
-1
1 27 12
1 27 11
-1
1 27 10
1 27 9
-1
1 27 8
-1
-1
-1
-1
-1
-1
-1
-1
-1
-1
-1
-1
-1
-1
-1
-1
-1
-1
-1
-1
-1
-1
-1
-1
-1
-1
-1
-1
-1
-1
-1
-1
-1
-1
-1
-1
-1
-1
-1
-1
-1
-1
-1
-1
-1
-1
-1
-1
-1
-1
-1
-1
-1
-1
-1
-1
-1
-1
-1
-1
-1
-1
-1
-1
-1
-1
-1
-1
-1
-1
-1
-1
-1
0 27 7
2 26 7
2 25 7
2 24 7
2 23 7
2 22 7
2 21 7
2 20 7
2 19 7
2 18 7
3 17 7
1 17 6
1 17 5
1 17 4
1 17 3
-1
-1
-1
-1
-1
-1
-1
-1
-1
-1
-1
-1
-1
-1
-1
-1
-1
-1
-1
-1
-1
-1
-1
-1
-1
-1
-1
-1
-1
-1
-1
-1
-1
-1
-1
-1
-1
-1
-1
-1
-1
-1
0 17 2
3 10 39
2 11 39
2 12 39
2 13 39
2 14 39
2 15 39
2 16 39
2 17 39
2 18 39
2 19 39
2 20 39
2 21 39
2 22 39
2 23 39
2 24 39
2 25 39
2 26 39
2 27 39
2 28 39
2 29 39
2 30 39
2 31 39
2 32 39
2 33 39
2 34 39
2 35 39
2 36 39
2 37 39
2 38 39
4 39 39
1 39 38
-1
-1
-1
-1
-1
-1
-1
-1
-1
-1
-1
-1
-1
-1
-1
-1
-1
-1
-1
0 39 37
5 28 7
1 28 8
1 28 9
1 28 10
1 28 11
1 28 12
1 28 13
1 28 14
1 28 15
1 28 16
1 28 17
1 28 18
1 28 19
3 28 20
2 29 20
2 30 20
2 31 20
2 32 20
-1
-1
-1
-1
-1
-1
-1
-1
0 33 20
2 9 38
2 8 38
2 7 38
2 6 38
6 5 38
1 5 39
1 5 40
-1
-1
-1
-1
-1
-1
-1
-1
-1
-1
-1
-1
0 5 41
1 33 21
1 33 22
3 33 23
2 34 23
2 35 23
2 36 23
2 37 23
-1
-1
-1
-1
-1
-1
-1
0 38 23
4 38 24
2 37 24
2 36 24
2 35 24
2 34 24
2 33 24
2 32 24
2 31 24
2 30 24
2 29 24
2 28 24
2 27 24
3 26 24
1 26 23
1 26 22
1 26 21
1 26 20
1 26 19
0 26 18
2 19 17
2 18 17
2 17 17
2 16 17
2 15 17
2 14 17
2 13 17
2 12 17
2 11 17
2 10 17
6 9 17
1 9 18
0 9 19
5 40 37
1 40 38
1 40 39
1 40 40
1 40 41
1 40 42
1 40 43
1 40 44
1 40 45
1 40 46
0 40 47
2 8 19
2 7 19
2 6 19
3 5 19
1 5 18
1 5 17
1 5 16
1 5 15
1 5 14
0 5 13
4 9 20
2 8 20
2 7 20
2 6 20
2 5 20
6 4 20
1 4 21
1 4 22
1 4 23
0 4 24
2 39 23
2 40 23
4 41 23
1 41 22
1 41 21
1 41 20
1 41 19
1 41 18
1 41 17
1 41 16
1 41 15
1 41 14
1 41 13
0 41 12
3 5 42
2 6 42
2 7 42
2 8 42
2 9 42
2 10 42
0 11 42
6 27 6
2 28 6
5 29 6
3 29 7
0 30 7
6 25 18
1 25 19
1 25 20
1 25 21
1 25 22
1 25 23
1 25 24
1 25 25
1 25 26
1 25 27
1 25 28
1 25 29
1 25 30
1 25 31
3 25 32
0 26 32
6 20 16
2 21 16
2 22 16
4 23 16
1 23 15
1 23 14
1 23 13
1 23 12
1 23 11
1 23 10
1 23 9
0 23 8
2 40 12
3 39 12
1 39 11
1 39 10
1 39 9
0 39 8
5 10 19
1 10 20
1 10 21
1 10 22
3 10 23
2 11 23
2 12 23
0 13 23
6 39 36
2 40 36
2 41 36
2 42 36
2 43 36
0 44 36
2 42 12
2 43 12
2 44 12
2 45 12
2 46 12
0 47 12
5 10 37
3 9 37
1 9 36
1 9 35
1 9 34
1 9 33
1 9 32
0 9 31
1 44 35
1 44 34
1 44 33
1 44 32
1 44 31
1 44 30
1 44 29
1 44 28
0 44 27
4 11 43
2 10 43
2 9 43
2 8 43
6 7 43
0 7 44
1 30 6
5 30 5
2 29 5
3 28 5
1 28 4
1 28 3
0 28 2
4 13 24
2 12 24
6 11 24
1 11 25
1 11 26
0 11 27
1 47 13
1 47 14
1 47 15
1 47 16
1 47 17
0 47 18
4 26 33
2 25 33
2 24 33
2 23 33
3 22 33
1 22 32
1 22 31
1 22 30
0 22 29
5 13 22
2 12 22
3 11 22
0 11 21
2 34 20
4 35 20
1 35 19
1 35 18
1 35 17
1 35 16
0 35 15
2 6 44
6 5 44
0 5 45
5 24 8
1 24 9
1 24 10
1 24 11
3 24 12
0 25 12
2 6 13
2 7 13
2 8 13
4 9 13
1 9 12
0 9 11
2 45 36
2 46 36
4 47 36
0 47 35
6 21 29
1 21 30
1 21 31
1 21 32
1 21 33
1 21 34
0 21 35
4 5 24
1 5 23
0 5 22
2 10 11
2 11 11
2 12 11
2 13 11
4 14 11
1 14 10
1 14 9
0 14 8
5 22 28
3 21 28
1 21 27
1 21 26
1 21 25
1 21 24
1 21 23
0 21 22
5 45 27
0 45 28
2 12 42
2 13 42
2 14 42
2 15 42
2 16 42
2 17 42
2 18 42
2 19 42
2 20 42
2 21 42
2 22 42
0 23 42
-1
-1
-1
-1
-1
-1
-1
-1
-1
-1
-1
-1
-1
-1
-1
-1
-1
-1
-1
-1
-1
-1
-1
-1
-1
-1
-1
-1
-1
-1
-1
-1
-1
-1
-1
-1
-1
-1
-1
-1
-1
-1
-1
-1
-1
-1
-1
-1
-1
-1
-1
-1
-1
-1
-1
-1
-1
-1
-1
-1
-1
-1
-1
-1
-1
-1
-1
-1
-1
-1
-1
-1
-1
-1
-1
-1
-1
-1
-1
-1
-1
-1
-1
-1
-1
-1
-1
-1
-1
-1
-1
-1
-1
-1
-1
-1
-1
-1
-1
-1
-1
-1
-1
-1
-1
-1
-1
-1
-1
-1
-1
-1
-1
-1
-1
-1
-1
-1
-1
-1
-1
-1
-1
-1
-1
-1
-1
-1
-1
-1
-1
-1
-1
-1
-1
-1
-1
-1
-1
-1
-1
-1
-1
-1
-1
-1
-1
-1
-1
-1
-1
-1
-1
-1
-1
-1
-1
-1
-1
-1
-1
-1
-1
-1
-1
-1
-1
-1
-1
-1
-1
-1
-1
-1
-1
-1
-1
-1
-1
-1
-1
-1
-1
-1
-1
-1
-1
-1
-1
-1
-1
-1
-1
-1
-1
-1
-1
-1
-1
-1
-1
-1
-1
-1
-1
-1
-1
-1
-1
-1
-1
-1
-1
-1
-1
-1
-1
-1
-1
-1
-1
-1
-1
-1
-1
-1
-1
-1
-1
-1
-1
-1
-1
-1
-1
-1
-1
-1
-1
