0 27 39
2 28 39
2 29 39
2 30 39
4 31 39
1 31 38
1 31 37
1 31 36
1 31 35
1 31 34
1 31 33
1 31 32
1 31 31
1 31 30
1 31 29
1 31 28
1 31 27
1 31 26
1 31 25
0 31 24
2 32 24
2 33 24
2 34 24
2 35 24
2 36 24
2 37 24
2 38 24
2 39 24
4 40 24
1 40 23
-1
-1
1 40 22
-1
-1
1 40 21
-1
1 40 20
-1
-1
1 40 19
-1
-1
1 40 18
-1
1 40 17
-1
-1
1 40 16
-1
-1
1 40 15
-1
1 40 14
-1
-1
1 40 13
-1
-1
1 40 12
-1
-1
1 40 11
-1
1 40 10
-1
-1
1 40 9
-1
-1
1 40 8
-1
1 40 7
-1
-1
1 40 6
-1
-1
1 40 5
-1
1 40 4
-1
-1
1 40 3
-1
-1
1 40 2
-1
-1
-1
-1
-1
-1
-1
-1
-1
-1
-1
-1
-1
-1
-1
-1
-1
-1
-1
-1
-1
-1
-1
-1
-1
-1
-1
-1
-1
-1
-1
-1
-1
-1
-1
-1
-1
-1
-1
-1
-1
-1
-1
-1
-1
-1
-1
-1
-1
-1
-1
-1
-1
-1
-1
-1
-1
-1
-1
-1
-1
-1
-1
-1
-1
-1
-1
-1
-1
-1
-1
-1
-1
-1
-1
-1
-1
-1
-1
-1
-1
-1
-1
-1
-1
-1
-1
-1
-1
-1
-1
-1
-1
-1
-1
-1
-1
-1
-1
-1
-1
-1
-1
-1
-1
-1
-1
-1
-1
-1
-1
-1
-1
-1
-1
-1
-1
-1
-1
-1
-1
-1
-1
-1
-1
-1
-1
-1
-1
-1
-1
-1
-1
-1
0 40 1
3 27 40
-1
2 28 40
2 29 40
2 30 40
2 31 40
2 32 40
4 33 40
1 33 39
-1
-1
-1
-1
-1
-1
-1
-1
-1
-1
-1
-1
-1
-1
-1
-1
-1
-1
-1
-1
-1
-1
-1
-1
-1
-1
-1
-1
-1
-1
-1
-1
-1
-1
-1
-1
-1
-1
-1
-1
-1
-1
-1
-1
-1
-1
-1
-1
-1
-1
-1
-1
-1
-1
-1
-1
-1
0 33 38
2 39 1
2 38 1
2 37 1
2 36 1
2 35 1
2 34 1
2 33 1
2 32 1
2 31 1
2 30 1
2 29 1
2 28 1
2 27 1
2 26 1
2 25 1
2 24 1
2 23 1
2 22 1
2 21 1
2 20 1
2 19 1
2 18 1
2 17 1
2 16 1
2 15 1
2 14 1
2 13 1
2 12 1
2 11 1
2 10 1
2 9 1
2 8 1
2 7 1
2 6 1
2 5 1
2 4 1
6 3 1
1 3 2
1 3 3
-1
-1
-1
-1
-1
-1
-1
-1
-1
-1
-1
-1
-1
-1
-1
-1
-1
-1
-1
-1
-1
-1
-1
-1
-1
-1
-1
-1
0 3 4
6 31 23
2 32 23
2 33 23
2 34 23
2 35 23
2 36 23
2 37 23
2 38 23
4 39 23
1 39 22
1 39 21
1 39 20
1 39 19
1 39 18
1 39 17
-1
-1
-1
-1
-1
-1
-1
-1
-1
-1
-1
-1
-1
-1
-1
-1
-1
-1
0 39 16
1 3 5
1 3 6
1 3 7
3 3 8
2 4 8
2 5 8
2 6 8
2 7 8
2 8 8
2 9 8
2 10 8
2 11 8
2 12 8
2 13 8
2 14 8
2 15 8
2 16 8
2 17 8
2 18 8
2 19 8
2 20 8
-1
-1
-1
-1
-1
-1
-1
0 21 8
6 26 39
1 26 40
3 26 41
2 27 41
-1
-1
-1
-1
-1
-1
-1
-1
-1
-1
-1
-1
-1
-1
-1
0 28 41
5 21 7
3 20 7
1 20 6
1 20 5
1 20 4
-1
-1
-1
-1
-1
-1
-1
-1
-1
0 20 3
5 34 38
1 34 39
1 34 40
1 34 41
1 34 42
1 34 43
3 34 44
2 35 44
2 36 44
2 37 44
2 38 44
2 39 44
-1
0 40 44
6 2 4
1 2 5
1 2 6
1 2 7
1 2 8
1 2 9
1 2 10
1 2 11
1 2 12
1 2 13
1 2 14
1 2 15
1 2 16
1 2 17
1 2 18
1 2 19
1 2 20
1 2 21
1 2 22
1 2 23
1 2 24
1 2 25
1 2 26
1 2 27
1 2 28
3 2 29
2 3 29
2 4 29
0 5 29
5 41 1
1 41 2
1 41 3
1 41 4
1 41 5
1 41 6
1 41 7
1 41 8
1 41 9
1 41 10
1 41 11
1 41 12
1 41 13
1 41 14
1 41 15
1 41 16
1 41 17
1 41 18
1 41 19
3 41 20
0 42 20
2 4 4
2 5 4
2 6 4
2 7 4
2 8 4
2 9 4
2 10 4
4 11 4
1 11 3
0 11 2
6 30 24
1 30 25
1 30 26
1 30 27
1 30 28
1 30 29
1 30 30
1 30 31
0 30 32
4 21 9
2 20 9
2 19 9
2 18 9
2 17 9
2 16 9
2 15 9
6 14 9
1 14 10
1 14 11
1 14 12
1 14 13
0 14 14
1 5 30
1 5 31
3 5 32
2 6 32
2 7 32
2 8 32
2 9 32
2 10 32
2 11 32
2 12 32
2 13 32
2 14 32
0 15 32
2 38 16
2 37 16
2 36 16
2 35 16
2 34 16
2 33 16
2 32 16
2 31 16
2 30 16
3 29 16
1 29 15
0 29 14
4 15 33
2 14 33
2 13 33
2 12 33
2 11 33
2 10 33
2 9 33
6 8 33
1 8 34
1 8 35
1 8 36
1 8 37
1 8 38
1 8 39
1 8 40
1 8 41
1 8 42
1 8 43
0 8 44
2 15 14
2 16 14
2 17 14
2 18 14
2 19 14
2 20 14
0 21 14
1 28 42
1 28 43
1 28 44
0 28 45
2 21 3
2 22 3
2 23 3
2 24 3
2 25 3
2 26 3
2 27 3
2 28 3
2 29 3
2 30 3
2 31 3
2 32 3
0 33 3
1 33 4
1 33 5
1 33 6
1 33 7
1 33 8
1 33 9
3 33 10
2 34 10
0 35 10
6 28 14
1 28 15
1 28 16
1 28 17
1 28 18
1 28 19
1 28 20
3 28 21
2 29 21
2 30 21
2 31 21
2 32 21
2 33 21
2 34 21
0 35 21
1 5 28
1 5 27
1 5 26
1 5 25
1 5 24
1 5 23
1 5 22
1 5 21
1 5 20
1 5 19
0 5 18
2 43 20
2 44 20
2 45 20
2 46 20
4 47 20
1 47 19
1 47 18
0 47 17
6 33 37
2 34 37
2 35 37
2 36 37
2 37 37
2 38 37
0 39 37
5 6 18
1 6 19
1 6 20
3 6 21
2 7 21
2 8 21
2 9 21
0 10 21
2 7 44
6 6 44
1 6 45
0 6 46
5 40 0
2 39 0
2 38 0
2 37 0
2 36 0
2 35 0
2 34 0
2 33 0
2 32 0
2 31 0
2 30 0
2 29 0
2 28 0
2 27 0
2 26 0
2 25 0
2 24 0
2 23 0
2 22 0
2 21 0
2 20 0
0 19 0
2 46 17
3 45 17
1 45 16
1 45 15
1 45 14
1 45 13
1 45 12
1 45 11
1 45 10
1 45 9
1 45 8
1 45 7
1 45 6
1 45 5
1 45 4
1 45 3
1 45 2
1 45 1
0 45 0
3 29 32
1 29 31
1 29 30
1 29 29
1 29 28
1 29 27
0 29 26
2 29 45
2 30 45
2 31 45
2 32 45
0 33 45
2 18 0
2 17 0
2 16 0
2 15 0
2 14 0
2 13 0
2 12 0
2 11 0
2 10 0
2 9 0
2 8 0
2 7 0
2 6 0
2 5 0
2 4 0
2 3 0
2 2 0
2 1 0
6 0 0
1 0 1
1 0 2
1 0 3
1 0 4
1 0 5
1 0 6
1 0 7
1 0 8
1 0 9
0 0 10
2 29 41
0 30 41
1 39 36
1 39 35
1 39 34
1 39 33
1 39 32
1 39 31
1 39 30
0 39 29
5 27 38
2 26 38
2 25 38
2 24 38
2 23 38
6 22 38
1 22 39
0 22 40
2 13 14
2 12 14
2 11 14
2 10 14
0 9 14
2 27 45
2 26 45
2 25 45
2 24 45
6 23 45
1 23 46
0 23 47
5 47 16
3 46 16
1 46 15
1 46 14
1 46 13
1 46 12
1 46 11
