0 25 29
2 26 29
2 27 29
2 28 29
2 29 29
2 30 29
2 31 29
2 32 29
2 33 29
2 34 29
2 35 29
2 36 29
2 37 29
2 38 29
2 39 29
2 40 29
2 41 29
2 42 29
2 43 29
2 44 29
2 45 29
2 46 29
4 47 29
1 47 28
1 47 27
1 47 26
1 47 25
1 47 24
1 47 23
1 47 22
1 47 21
1 47 20
1 47 19
1 47 18
0 47 17
6 25 28
2 26 28
4 27 28
1 27 27
1 27 26
1 27 25
1 27 24
1 27 23
1 27 22
1 27 21
1 27 20
1 27 19
1 27 18
1 27 17
1 27 16
1 27 15
1 27 14
1 27 13
1 27 12
1 27 11
1 27 10
-1
1 27 9
1 27 8
-1
1 27 7
1 27 6
1 27 5
-1
1 27 4
-1
-1
-1
-1
-1
-1
-1
-1
-1
-1
-1
-1
-1
-1
-1
-1
-1
-1
-1
-1
-1
-1
-1
-1
-1
-1
-1
-1
-1
-1
-1
-1
-1
-1
-1
-1
-1
-1
-1
-1
-1
-1
-1
-1
-1
-1
-1
-1
-1
-1
-1
-1
-1
-1
-1
-1
-1
-1
-1
-1
-1
-1
-1
-1
-1
-1
-1
-1
-1
0 27 3
2 24 29
2 23 29
2 22 29
2 21 29
2 20 29
2 19 29
2 18 29
2 17 29
2 16 29
2 15 29
2 14 29
2 13 29
2 12 29
2 11 29
2 10 29
2 9 29
2 8 29
2 7 29
2 6 29
2 5 29
2 4 29
2 3 29
2 2 29
6 1 29
1 1 30
1 1 31
1 1 32
1 1 33
1 1 34
1 1 35
1 1 36
1 1 37
-1
-1
-1
-1
-1
-1
-1
-1
-1
-1
-1
-1
-1
-1
-1
-1
-1
-1
-1
-1
-1
-1
-1
-1
-1
-1
-1
-1
-1
-1
0 1 38
2 2 38
2 3 38
2 4 38
4 5 38
-1
-1
-1
-1
-1
-1
-1
-1
-1
-1
-1
-1
-1
-1
-1
-1
-1
-1
-1
-1
-1
-1
-1
0 5 37
2 28 3
2 29 3
2 30 3
2 31 3
2 32 3
2 33 3
2 34 3
2 35 3
2 36 3
2 37 3
2 38 3
2 39 3
2 40 3
2 41 3
4 42 3
1 42 2
1 42 1
-1
-1
-1
-1
-1
-1
-1
-1
-1
0 42 0
2 46 17
2 45 17
2 44 17
2 43 17
2 42 17
2 41 17
2 40 17
2 39 17
2 38 17
2 37 17
2 36 17
2 35 17
2 34 17
2 33 17
2 32 17
6 31 17
1 31 18
1 31 19
1 31 20
1 31 21
1 31 22
0 31 23
5 6 37
1 6 38
1 6 39
1 6 40
1 6 41
1 6 42
1 6 43
3 6 44
2 7 44
2 8 44
2 9 44
2 10 44
2 11 44
2 12 44
2 13 44
2 14 44
2 15 44
0 16 44
5 47 16
3 46 16
1 46 15
1 46 14
1 46 13
1 46 12
-1
-1
-1
-1
-1
-1
0 46 11
-1
-1
-1
-1
-1
-1
-1
-1
-1
0 5 36
2 45 11
2 44 11
2 43 11
2 42 11
2 41 11
2 40 11
6 39 11
1 39 12
1 39 13
0 39 14
2 30 23
3 29 23
1 29 22
1 29 21
1 29 20
1 29 19
1 29 18
1 29 17
0 29 16
2 6 36
5 7 36
1 7 37
3 7 38
2 8 38
2 9 38
0 10 38
3 0 38
1 0 37
1 0 36
1 0 35
1 0 34
1 0 33
1 0 32
1 0 31
1 0 30
1 0 29
6 0 28
2 1 28
2 2 28
2 3 28
2 4 28
2 5 28
2 6 28
2 7 28
2 8 28
2 9 28
4 10 28
1 10 27
0 10 26
1 25 30
1 25 31
3 25 32
2 26 32
2 27 32
2 28 32
2 29 32
2 30 32
2 31 32
2 32 32
2 33 32
2 34 32
2 35 32
2 36 32
2 37 32
0 38 32
4 10 39
2 9 39
2 8 39
6 7 39
1 7 40
0 7 41
6 26 3
1 26 4
1 26 5
1 26 6
0 26 7
1 1 39
1 1 40
1 1 41
1 1 42
1 1 43
1 1 44
3 1 45
2 2 45
2 3 45
2 4 45
0 5 45
2 25 7
2 24 7
2 23 7
2 22 7
2 21 7
6 20 7
1 20 8
1 20 9
0 20 10
5 46 10
2 45 10
2 44 10
2 43 10
2 42 10
2 41 10
3 40 10
0 40 9
4 38 33
2 37 33
2 36 33
2 35 33
2 34 33
2 33 33
2 32 33
2 31 33
2 30 33
6 29 33
1 29 34
1 29 35
0 29 36
2 32 23
2 33 23
2 34 23
2 35 23
2 36 23
2 37 23
2 38 23
2 39 23
2 40 23
4 41 23
1 41 22
1 41 21
1 41 20
0 41 19
2 30 16
4 31 16
1 31 15
1 31 14
1 31 13
1 31 12
1 31 11
1 31 10
1 31 9
0 31 8
5 5 44
2 4 44
2 3 44
3 2 44
0 2 43
2 32 8
2 33 8
2 34 8
4 35 8
1 35 7
1 35 6
1 35 5
0 35 4
2 38 14
2 37 14
0 36 14
5 38 31
2 37 31
3 36 31
0 36 30
1 26 8
1 26 9
1 26 10
1 26 11
1 26 12
1 26 13
0 26 14
4 5 46
2 4 46
2 3 46
0 2 46
5 43 0
1 43 1
3 43 2
2 44 2
2 45 2
2 46 2
0 47 2
6 19 10
1 19 11
1 19 12
1 19 13
1 19 14
1 19 15
1 19 16
1 19 17
0 19 18
3 28 36
1 28 35
0 28 34
2 30 36
2 31 36
4 32 36
0 32 35
2 18 18
2 17 18
2 16 18
6 15 18
1 15 19
0 15 20
5 42 19
1 42 20
3 42 21
2 43 21
2 44 21
0 45 21
2 9 26
2 8 26
2 7 26
2 6 26
2 5 26
2 4 26
2 3 26
3 2 26
1 2 25
1 2 24
0 2 23
2 27 34
3 26 34
0 26 33
2 39 32
2 40 32
2 41 32
2 42 32
2 43 32
2 44 32
4 45 32
1 45 31
0 45 30
2 11 38
2 12 38
4 13 38
1 13 37
1 13 36
1 13 35
1 13 34
1 13 33
1 13 32
1 13 31
0 13 30
2 14 20
2 13 20
2 12 20
3 11 20
1 11 19
1 11 18
1 11 17
1 11 16
1 11 15
1 11 14
0 11 13
5 14 30
1 14 31
1 14 32
1 14 33
1 14 34
3 14 35
2 15 35
0 16 35
-1
-1
-1
-1
-1
-1
-1
-1
-1
-1
-1
-1
-1
-1
-1
-1
-1
-1
-1
-1
-1
-1
-1
-1
-1
-1
-1
-1
-1
-1
-1
-1
-1
-1
-1
-1
-1
-1
-1
-1
-1
-1
-1
-1
-1
-1
-1
-1
-1
-1
-1
-1
-1
-1
-1
-1
-1
-1
-1
-1
-1
-1
-1
-1
-1
-1
-1
-1
-1
-1
-1
-1
-1
-1
-1
-1
-1
-1
-1
-1
-1
-1
-1
-1
-1
-1
-1
-1
-1
-1
-1
-1
-1
-1
-1
-1
-1
-1
-1
-1
-1
-1
-1
-1
-1
-1
-1
-1
-1
-1
-1
-1
-1
-1
-1
-1
-1
-1
-1
-1
-1
-1
-1
-1
-1
-1
-1
-1
-1
-1
-1
-1
-1
-1
-1
-1
-1
-1
-1
-1
-1
-1
-1
-1
-1
-1
-1
-1
-1
-1
-1
-1
-1
-1
-1
-1
-1
-1
-1
-1
-1
-1
-1
-1
-1
-1
-1
-1
-1
-1
-1
-1
-1
-1
-1
-1
-1
-1
-1
-1
-1
-1
-1
-1
-1
-1
-1
-1
-1
-1
-1
-1
-1
-1
-1
-1
-1
-1
-1
-1
-1
-1
-1
-1
-1
-1
-1
-1
-1
-1
-1
-1
-1
-1
-1
-1
-1
-1
-1
-1
-1
-1
-1
-1
