0 12 27
1 12 28
1 12 29
1 12 30
1 12 31
1 12 32
3 12 33
2 13 33
2 14 33
2 15 33
2 16 33
2 17 33
2 18 33
0 19 33
2 11 27
2 10 27
2 9 27
2 8 27
6 7 27
1 7 28
1 7 29
1 7 30
1 7 31
1 7 32
1 7 33
1 7 34
-1
1 7 35
-1
-1
1 7 36
-1
-1
-1
1 7 37
-1
-1
1 7 38
-1
-1
-1
1 7 39
-1
-1
1 7 40
-1
-1
-1
1 7 41
-1
-1
-1
1 7 42
-1
-1
1 7 43
-1
-1
-1
-1
-1
-1
-1
-1
-1
-1
-1
-1
-1
-1
-1
-1
-1
-1
-1
-1
-1
-1
-1
-1
-1
-1
-1
-1
-1
-1
-1
-1
-1
-1
-1
-1
-1
-1
-1
-1
-1
-1
-1
-1
-1
-1
-1
-1
-1
-1
-1
-1
-1
-1
-1
-1
-1
-1
-1
-1
-1
-1
-1
-1
-1
-1
-1
-1
-1
-1
-1
-1
-1
-1
-1
-1
-1
-1
-1
-1
-1
-1
-1
-1
-1
-1
-1
-1
-1
-1
-1
-1
-1
-1
-1
-1
-1
-1
-1
-1
-1
-1
-1
-1
-1
-1
-1
-1
-1
-1
-1
-1
-1
-1
-1
-1
-1
-1
-1
-1
-1
-1
-1
-1
-1
-1
-1
-1
-1
-1
-1
-1
-1
-1
-1
-1
-1
-1
-1
-1
-1
-1
-1
-1
-1
-1
-1
-1
-1
-1
-1
-1
-1
-1
-1
-1
-1
-1
-1
-1
-1
-1
-1
-1
-1
-1
-1
-1
-1
-1
-1
-1
-1
-1
-1
-1
-1
-1
0 7 44
-1
2 20 33
2 21 33
2 22 33
2 23 33
-1
2 24 33
2 25 33
2 26 33
-1
2 27 33
2 28 33
2 29 33
-1
2 30 33
2 31 33
2 32 33
2 33 33
-1
2 34 33
2 35 33
4 36 33
-1
1 36 32
1 36 31
1 36 30
1 36 29
-1
1 36 28
1 36 27
1 36 26
-1
1 36 25
1 36 24
1 36 23
-1
1 36 22
1 36 21
1 36 20
1 36 19
-1
1 36 18
-1
-1
-1
-1
-1
-1
-1
-1
-1
-1
-1
-1
-1
-1
-1
-1
-1
-1
-1
-1
-1
-1
-1
-1
-1
-1
-1
-1
-1
-1
-1
-1
-1
-1
-1
-1
-1
-1
-1
-1
-1
-1
-1
-1
-1
-1
-1
-1
-1
-1
-1
-1
-1
-1
-1
-1
-1
-1
-1
-1
-1
-1
-1
-1
0 36 17
4 13 27
1 13 26
1 13 25
-1
-1
-1
-1
-1
-1
-1
-1
-1
-1
-1
-1
-1
-1
-1
-1
-1
-1
-1
-1
-1
-1
-1
-1
-1
-1
-1
-1
-1
-1
-1
-1
-1
-1
-1
-1
-1
-1
-1
-1
-1
-1
-1
-1
0 13 24
5 37 17
1 37 18
1 37 19
1 37 20
1 37 21
1 37 22
1 37 23
1 37 24
1 37 25
1 37 26
1 37 27
1 37 28
1 37 29
1 37 30
1 37 31
1 37 32
1 37 33
1 37 34
1 37 35
1 37 36
1 37 37
1 37 38
1 37 39
1 37 40
1 37 41
1 37 42
1 37 43
1 37 44
1 37 45
-1
-1
-1
-1
-1
-1
-1
-1
-1
-1
-1
-1
-1
-1
-1
-1
-1
-1
-1
0 37 46
2 6 44
2 5 44
2 4 44
6 3 44
1 3 45
1 3 46
-1
-1
-1
-1
-1
-1
-1
-1
-1
-1
-1
-1
-1
-1
-1
-1
-1
-1
-1
-1
0 3 47
2 35 17
2 34 17
2 33 17
6 32 17
1 32 18
1 32 19
-1
-1
-1
-1
-1
-1
-1
-1
-1
-1
-1
-1
-1
-1
-1
-1
0 32 20
1 32 21
3 32 22
2 33 22
-1
-1
-1
-1
-1
-1
-1
-1
-1
-1
-1
0 34 22
5 12 26
2 11 26
2 10 26
2 9 26
2 8 26
2 7 26
2 6 26
2 5 26
6 4 26
1 4 27
1 4 28
1 4 29
-1
-1
-1
0 4 30
4 19 34
2 18 34
2 17 34
6 16 34
1 16 35
1 16 36
1 16 37
-1
-1
-1
-1
-1
-1
0 16 38
2 14 24
2 15 24
2 16 24
2 17 24
2 18 24
2 19 24
4 20 24
-1
-1
-1
-1
-1
0 20 23
2 21 23
2 22 23
4 23 23
1 23 22
1 23 21
1 23 20
1 23 19
1 23 18
-1
-1
-1
-1
0 23 17
3 3 30
1 3 29
1 3 28
1 3 27
1 3 26
6 3 25
4 4 25
1 4 24
1 4 23
1 4 22
1 4 21
0 4 20
3 2 47
1 2 46
1 2 45
1 2 44
-1
-1
-1
-1
-1
-1
0 2 43
1 23 16
1 23 15
1 23 14
1 23 13
1 23 12
1 23 11
1 23 10
1 23 9
-1
-1
0 23 8
2 38 46
2 39 46
2 40 46
2 41 46
2 42 46
2 43 46
2 44 46
4 45 46
1 45 45
1 45 44
1 45 43
1 45 42
1 45 41
1 45 40
1 45 39
1 45 38
1 45 37
1 45 36
1 45 35
1 45 34
1 45 33
1 45 32
0 45 31
2 44 31
2 43 31
2 42 31
2 41 31
2 40 31
2 39 31
6 38 31
1 38 32
0 38 33
1 16 39
1 16 40
1 16 41
1 16 42
0 16 43
6 36 16
2 37 16
5 38 16
1 38 17
1 38 18
1 38 19
1 38 20
1 38 21
3 38 22
2 39 22
2 40 22
0 41 22
1 2 42
1 2 41
1 2 40
1 2 39
0 2 38
6 13 23
4 14 23
1 14 22
1 14 21
0 14 20
2 22 8
2 21 8
2 20 8
0 19 8
2 15 38
2 14 38
2 13 38
2 12 38
2 11 38
3 10 38
1 10 37
1 10 36
1 10 35
0 10 34
1 38 34
1 38 35
1 38 36
1 38 37
1 38 38
1 38 39
1 38 40
1 38 41
1 38 42
1 38 43
3 38 44
2 39 44
2 40 44
0 41 44
2 9 34
3 8 34
1 8 33
1 8 32
1 8 31
1 8 30
0 8 29
1 41 23
3 41 24
2 42 24
2 43 24
2 44 24
0 45 24
-1
-1
-1
-1
-1
-1
-1
-1
-1
-1
-1
-1
-1
-1
-1
-1
-1
-1
-1
-1
-1
-1
-1
-1
-1
-1
-1
-1
-1
-1
-1
-1
-1
-1
-1
-1
-1
-1
-1
-1
-1
-1
-1
-1
-1
-1
-1
-1
-1
-1
-1
-1
-1
-1
-1
-1
-1
-1
-1
-1
-1
-1
-1
-1
-1
-1
-1
-1
-1
-1
-1
-1
-1
-1
-1
-1
-1
-1
-1
-1
-1
-1
-1
-1
-1
-1
-1
-1
-1
-1
-1
-1
-1
-1
-1
-1
-1
-1
-1
-1
-1
-1
-1
-1
-1
-1
