0 7 35
2 8 35
2 9 35
2 10 35
2 11 35
2 12 35
2 13 35
2 14 35
2 15 35
2 16 35
2 17 35
2 18 35
2 19 35
2 20 35
2 21 35
2 22 35
2 23 35
2 24 35
2 25 35
2 26 35
2 27 35
2 28 35
2 29 35
2 30 35
2 31 35
2 32 35
2 33 35
2 34 35
2 35 35
2 36 35
2 37 35
2 38 35
2 39 35
2 40 35
2 41 35
4 42 35
1 42 34
1 42 33
1 42 32
1 42 31
1 42 30
1 42 29
1 42 28
1 42 27
1 42 26
1 42 25
1 42 24
1 42 23
1 42 22
1 42 21
1 42 20
0 42 19
6 7 34
2 8 34
2 9 34
2 10 34
2 11 34
2 12 34
2 13 34
4 14 34
1 14 33
1 14 32
1 14 31
1 14 30
1 14 29
1 14 28
1 14 27
1 14 26
1 14 25
1 14 24
1 14 23
-1
-1
-1
-1
-1
-1
-1
-1
-1
-1
-1
-1
-1
-1
-1
-1
-1
-1
-1
-1
-1
-1
0 14 22
5 43 19
1 43 20
1 43 21
1 43 22
1 43 23
1 43 24
1 43 25
1 43 26
1 43 27
1 43 28
1 43 29
1 43 30
1 43 31
1 43 32
1 43 33
1 43 34
1 43 35
4 43 36
2 42 36
2 41 36
6 40 36
1 40 37
1 40 38
1 40 39
1 40 40
-1
-1
-1
-1
-1
-1
-1
0 40 41
2 41 19
2 40 19
6 39 19
1 39 20
1 39 21
-1
-1
-1
-1
-1
-1
-1
-1
-1
-1
-1
0 39 22
6 13 22
1 13 23
1 13 24
-1
-1
-1
-1
-1
-1
-1
-1
0 13 25
2 38 22
6 37 22
1 37 23
1 37 24
-1
-1
-1
-1
-1
0 37 25
5 14 21
3 13 21
1 13 20
1 13 19
1 13 18
1 13 17
1 13 16
1 13 15
0 13 14
1 7 36
3 7 37
2 8 37
2 9 37
-1
0 10 37
2 15 22
2 16 22
2 17 22
2 18 22
4 19 22
0 19 21
2 36 25
2 35 25
3 34 25
0 34 24
5 42 18
2 41 18
2 40 18
2 39 18
2 38 18
2 37 18
3 36 18
1 36 17
1 36 16
1 36 15
1 36 14
0 36 13
1 10 38
1 10 39
1 10 40
1 10 41
1 10 42
1 10 43
3 10 44
0 11 44
2 12 14
2 11 14
2 10 14
2 9 14
2 8 14
3 7 14
0 7 13
1 40 42
1 40 43
1 40 44
1 40 45
0 40 46
2 8 13
4 9 13
1 9 12
1 9 11
1 9 10
1 9 9
1 9 8
1 9 7
0 9 6
3 6 35
1 6 34
1 6 33
1 6 32
1 6 31
1 6 30
0 6 29
1 34 23
1 34 22
1 34 21
1 34 20
0 34 19
3 11 45
2 12 45
2 13 45
2 14 45
2 15 45
2 16 45
2 17 45
2 18 45
2 19 45
2 20 45
2 21 45
2 22 45
2 23 45
2 24 45
0 25 45
2 5 29
2 4 29
2 3 29
6 2 29
1 2 30
1 2 31
1 2 32
1 2 33
1 2 34
1 2 35
0 2 36
1 37 26
1 37 27
1 37 28
1 37 29
3 37 30
2 38 30
2 39 30
2 40 30
0 41 30
2 39 41
2 38 41
2 37 41
2 36 41
2 35 41
6 34 41
1 34 42
0 34 43
2 35 19
2 36 19
2 37 19
0 38 19
2 6 13
2 5 13
6 4 13
1 4 14
1 4 15
1 4 16
1 4 17
1 4 18
1 4 19
0 4 20
4 41 31
2 40 31
2 39 31
2 38 31
0 37 31
2 41 41
2 42 41
2 43 41
2 44 41
4 45 41
1 45 40
1 45 39
1 45 38
1 45 37
1 45 36
1 45 35
1 45 34
1 45 33
1 45 32
1 45 31
0 45 30
2 18 21
2 17 21
3 16 21
1 16 20
0 16 19
3 33 43
1 33 42
1 33 41
6 33 40
2 34 40
4 35 40
0 35 39
2 8 6
2 7 6
2 6 6
2 5 6
3 4 6
1 4 5
1 4 4
1 4 3
1 4 2
0 4 1
5 7 29
3 7 30
2 8 30
2 9 30
2 10 30
0 11 30
5 20 21
1 20 22
1 20 23
1 20 24
0 20 25
1 34 44
3 34 45
0 35 45
4 10 6
1 10 5
0 10 4
5 7 12
2 6 12
2 5 12
3 4 12
1 4 11
1 4 10
1 4 9
0 4 8
2 14 14
2 15 14
2 16 14
2 17 14
2 18 14
2 19 14
4 20 14
0 20 13
5 25 44
2 24 44
2 23 44
2 22 44
3 21 44
1 21 43
1 21 42
0 21 41
1 2 37
1 2 38
1 2 39
1 2 40
1 2 41
1 2 42
1 2 43
1 2 44
1 2 45
1 2 46
3 2 47
0 3 47
2 36 31
2 35 31
6 34 31
0 34 32
2 33 19
2 32 19
2 31 19
2 30 19
0 29 19
1 20 26
1 20 27
1 20 28
1 20 29
0 20 30
6 13 13
2 14 13
4 15 13
1 15 12
1 15 11
1 15 10
0 15 9
2 37 13
2 38 13
4 39 13
1 39 12
1 39 11
1 39 10
1 39 9
1 39 8
1 39 7
1 39 6
1 39 5
0 39 4
5 3 36
1 3 37
1 3 38
1 3 39
1 3 40
3 3 41
2 4 41
2 5 41
2 6 41
0 7 41
1 45 29
1 45 28
1 45 27
1 45 26
1 45 25
1 45 24
1 45 23
1 45 22
1 45 21
0 45 20
2 5 20
2 6 20
2 7 20
2 8 20
4 9 20
1 9 19
1 9 18
1 9 17
1 9 16
0 9 15
2 33 24
2 32 24
2 31 24
2 30 24
6 29 24
1 29 25
1 29 26
1 29 27
0 29 28
5 40 4
1 40 5
1 40 6
1 40 7
1 40 8
3 40 9
0 41 9
2 21 13
2 22 13
2 23 13
2 24 13
2 25 13
0 26 13
2 38 25
2 39 25
0 40 25
2 41 46
2 42 46
2 43 46
2 44 46
0 45 46
1 45 19
1 45 18
1 45 17
1 45 16
1 45 15
1 45 14
0 45 13
2 46 46
4 47 46
1 47 45
1 47 44
1 47 43
0 47 42
2 28 19
2 27 19
2 26 19
6 25 19
1 25 20
1 25 21
0 25 22
0 40 22
2 11 4
2 12 4
2 13 4
2 14 4
4 15 4
1 15 3
0 15 2
6 39 3
2 40 3
5 41 3
3 41 4
2 42 4
2 43 4
2 44 4
0 45 4
5 16 2
1 16 3
3 16 4
2 17 4
2 18 4
2 19 4
2 20 4
0 21 4
2 22 41
2 23 41
4 24 41
1 24 40
1 24 39
1 24 38
1 24 37
0 24 36
2 15 19
0 14 19
4 25 46
2 24 46
2 23 46
2 22 46
2 21 46
2 20 46
2 19 46
2 18 46
0 17 46
1 26 12
1 26 11
1 26 10
1 26 9
1 26 8
0 26 7
2 35 13
6 34 13
0 34 14
2 20 41
2 19 41
2 18 41
2 17 41
2 16 41
3 15 41
0 15 40
6 19 20
4 20 20
0 20 19
1 29 29
0 29 30
2 19 25
2 18 25
2 17 25
2 16 25
0 15 25
2 44 13
2 43 13
6 42 13
0 42 14
3 34 39
0 34 38
2 30 28
2 31 28
2 32 28
4 33 28
1 33 27
1 33 26
0 33 25
4 26 45
0 26 44
-1
-1
-1
-1
-1
-1
-1
-1
-1
-1
-1
-1
-1
-1
-1
-1
-1
-1
-1
-1
-1
-1
-1
-1
-1
-1
-1
-1
-1
-1
-1
-1
-1
-1
-1
-1
-1
-1
-1
-1
-1
-1
-1
-1
-1
-1
-1
-1
-1
-1
-1
-1
-1
-1
-1
-1
-1
-1
-1
-1
-1
-1
-1
-1
-1
-1
-1
-1
-1
-1
-1
-1
-1
-1
-1
-1
-1
-1
-1
-1
-1
-1
-1
-1
-1
-1
-1
-1
-1
-1
-1
-1
-1
-1
-1
-1
-1
-1
-1
-1
-1
-1
-1
-1
-1
-1
-1
-1
-1
-1
-1
-1
-1
-1
-1
-1
-1
-1
-1
-1
-1
-1
-1
-1
-1
-1
-1
-1
-1
-1
-1
-1
-1
-1
-1
-1
-1
-1
-1
-1
-1
-1
-1
-1
-1
-1
-1
-1
-1
-1
-1
-1
-1
-1
-1
-1
-1
-1
-1
-1
-1
-1
-1
-1
-1
-1
-1
-1
-1
-1
-1
-1
-1
-1
-1
-1
-1
-1
-1
-1
-1
-1
-1
-1
-1
-1
-1
-1
-1
-1
-1
-1
-1
-1
-1
-1
-1
-1
-1
-1
-1
-1
-1
-1
-1
-1
