0 10 14
1 10 15
1 10 16
1 10 17
1 10 18
1 10 19
1 10 20
1 10 21
1 10 22
1 10 23
1 10 24
1 10 25
1 10 26
1 10 27
1 10 28
1 10 29
1 10 30
1 10 31
1 10 32
1 10 33
1 10 34
1 10 35
1 10 36
1 10 37
1 10 38
1 10 39
1 10 40
1 10 41
1 10 42
1 10 43
1 10 44
1 10 45
3 10 46
2 11 46
2 12 46
2 13 46
2 14 46
2 15 46
2 16 46
2 17 46
2 18 46
2 19 46
2 20 46
2 21 46
2 22 46
2 23 46
2 24 46
2 25 46
2 26 46
2 27 46
2 28 46
2 29 46
2 30 46
2 31 46
2 32 46
2 33 46
2 34 46
2 35 46
2 36 46
2 37 46
0 38 46
2 9 14
2 8 14
6 7 14
1 7 15
1 7 16
1 7 17
1 7 18
1 7 19
-1
-1
-1
-1
-1
-1
-1
-1
-1
-1
-1
-1
-1
-1
-1
-1
-1
-1
-1
-1
-1
-1
-1
-1
-1
-1
-1
-1
-1
-1
-1
-1
-1
0 7 20
2 11 14
2 12 14
2 13 14
2 14 14
2 15 14
2 16 14
4 17 14
1 17 13
1 17 12
1 17 11
1 17 10
1 17 9
-1
-1
-1
-1
-1
-1
-1
-1
-1
-1
-1
-1
-1
-1
-1
-1
-1
-1
-1
-1
-1
-1
0 17 8
5 18 8
1 18 9
1 18 10
1 18 11
1 18 12
1 18 13
1 18 14
4 18 15
2 17 15
2 16 15
2 15 15
2 14 15
2 13 15
2 12 15
6 11 15
1 11 16
1 11 17
1 11 18
1 11 19
-1
-1
-1
-1
-1
-1
-1
-1
-1
-1
0 11 20
2 39 46
4 40 46
-1
-1
-1
-1
-1
-1
-1
-1
-1
-1
-1
-1
-1
-1
-1
0 40 45
2 6 20
2 5 20
-1
-1
-1
-1
-1
-1
-1
-1
-1
-1
-1
-1
0 4 20
3 11 21
2 12 21
2 13 21
2 14 21
2 15 21
2 16 21
2 17 21
2 18 21
2 19 21
2 20 21
2 21 21
2 22 21
2 23 21
-1
-1
0 24 21
1 38 45
1 38 44
1 38 43
1 38 42
1 38 41
1 38 40
1 38 39
1 38 38
1 38 37
-1
-1
-1
0 38 36
2 37 36
2 36 36
2 35 36
2 34 36
2 33 36
2 32 36
2 31 36
2 30 36
3 29 36
1 29 35
1 29 34
1 29 33
0 29 32
6 10 13
4 11 13
1 11 12
1 11 11
1 11 10
-1
-1
-1
0 11 9
2 39 36
2 40 36
2 41 36
2 42 36
2 43 36
2 44 36
4 45 36
-1
0 45 35
1 38 35
1 38 34
1 38 33
1 38 32
1 38 31
1 38 30
1 38 29
-1
0 38 28
1 4 19
1 4 18
-1
-1
-1
-1
0 4 17
3 39 45
1 39 44
-1
-1
-1
-1
0 39 43
6 17 7
2 18 7
2 19 7
2 20 7
2 21 7
2 22 7
2 23 7
4 24 7
1 24 6
1 24 5
0 24 4
2 25 4
2 26 4
2 27 4
2 28 4
2 29 4
2 30 4
2 31 4
2 32 4
2 33 4
2 34 4
2 35 4
2 36 4
2 37 4
4 38 4
1 38 3
1 38 2
1 38 1
0 38 0
2 3 20
2 2 20
6 1 20
1 1 21
1 1 22
1 1 23
1 1 24
1 1 25
1 1 26
1 1 27
1 1 28
1 1 29
0 1 30
5 41 45
1 41 46
1 41 47
1 41 48
3 41 49
2 42 49
2 43 49
2 44 49
0 45 49
2 39 28
4 40 28
1 40 27
1 40 26
1 40 25
1 40 24
0 40 23
2 28 32
2 27 32
2 26 32
2 25 32
2 24 32
2 23 32
2 22 32
2 21 32
2 20 32
2 19 32
2 18 32
2 17 32
2 16 32
2 15 32
6 14 32
1 14 33
1 14 34
1 14 35
1 14 36
1 14 37
1 14 38
0 14 39
1 24 22
1 24 23
1 24 24
1 24 25
1 24 26
0 24 27
2 44 35
3 43 35
1 43 34
1 43 33
0 43 32
2 41 23
2 42 23
2 43 23
2 44 23
2 45 23
4 46 23
1 46 22
1 46 21
1 46 20
1 46 19
1 46 18
1 46 17
1 46 16
1 46 15
0 46 14
2 44 32
4 45 32
1 45 31
1 45 30
1 45 29
1 45 28
1 45 27
0 45 26
1 24 20
1 24 19
1 24 18
1 24 17
1 24 16
1 24 15
1 24 14
1 24 13
1 24 12
1 24 11
0 24 10
3 14 40
2 15 40
2 16 40
2 17 40
2 18 40
2 19 40
2 20 40
2 21 40
2 22 40
2 23 40
2 24 40
2 25 40
2 26 40
2 27 40
2 28 40
2 29 40
2 30 40
0 31 40
2 39 23
2 38 23
2 37 23
2 36 23
3 35 23
1 35 22
1 35 21
1 35 20
1 35 19
1 35 18
1 35 17
0 35 16
4 30 32
1 30 31
1 30 30
1 30 29
1 30 28
1 30 27
1 30 26
0 30 25
1 1 31
1 1 32
1 1 33
1 1 34
1 1 35
1 1 36
1 1 37
1 1 38
1 1 39
1 1 40
1 1 41
1 1 42
1 1 43
1 1 44
1 1 45
3 1 46
2 2 46
2 3 46
2 4 46
2 5 46
2 6 46
0 7 46
2 2 30
2 3 30
4 4 30
0 4 29
2 34 16
2 33 16
2 32 16
2 31 16
0 30 16
5 31 39
2 30 39
2 29 39
2 28 39
2 27 39
2 26 39
2 25 39
3 24 39
0 24 38
6 23 10
1 23 11
1 23 12
1 23 13
1 23 14
1 23 15
1 23 16
1 23 17
1 23 18
0 23 19
3 13 39
1 13 38
1 13 37
1 13 36
1 13 35
1 13 34
1 13 33
1 13 32
1 13 31
1 13 30
0 13 29
5 14 29
1 14 30
3 14 31
2 15 31
2 16 31
2 17 31
0 18 31
4 31 41
2 30 41
2 29 41
2 28 41
2 27 41
2 26 41
2 25 41
2 24 41
2 23 41
2 22 41
2 21 41
6 20 41
1 20 42
1 20 43
0 20 44
4 8 20
1 8 19
1 8 18
1 8 17
0 8 16
2 37 28
2 36 28
6 35 28
1 35 29
1 35 30
1 35 31
0 35 32
5 46 35
1 46 36
4 46 37
6 45 37
1 45 38
1 45 39
0 45 40
2 10 9
6 9 9
1 9 10
1 9 11
1 9 12
0 9 13
6 40 22
2 41 22
4 42 22
1 42 21
1 42 20
0 42 19
5 11 8
2 10 8
2 9 8
2 8 8
2 7 8
2 6 8
2 5 8
2 4 8
2 3 8
2 2 8
0 1 8
2 25 10
2 26 10
2 27 10
2 28 10
2 29 10
2 30 10
4 31 10
0 31 9
6 1 7
2 2 7
4 3 7
1 3 6
1 3 5
0 3 4
2 25 21
4 26 21
1 26 20
0 26 19
5 18 30
3 17 30
0 17 29
6 24 9
2 25 9
0 26 9
5 36 16
1 36 17
1 36 18
1 36 19
1 36 20
1 36 21
3 36 22
0 37 22
5 32 40
1 32 41
1 32 42
1 32 43
1 32 44
3 32 45
0 33 45
6 24 3
2 25 3
2 26 3
2 27 3
2 28 3
2 29 3
4 30 3
0 30 2
2 45 14
2 44 14
2 43 14
3 42 14
1 42 13
1 42 12
1 42 11
1 42 10
1 42 9
0 42 8
4 40 43
1 40 42
1 40 41
1 40 40
1 40 39
0 40 38
5 7 45
2 6 45
2 5 45
2 4 45
3 3 45
1 3 44
1 3 43
1 3 42
1 3 41
0 3 40
4 12 9
1 12 8
1 12 7
1 12 6
1 12 5
0 12 4
2 23 38
2 22 38
2 21 38
3 20 38
1 20 37
1 20 36
1 20 35
1 20 34
0 20 33
4 38 47
2 37 47
2 36 47
2 35 47
2 34 47
2 33 47
2 32 47
2 31 47
2 30 47
6 29 47
0 29 48
1 1 9
3 1 10
0 2 10
0 25 20
1 25 19
6 25 18
2 26 18
2 27 18
2 28 18
4 29 18
1 29 17
1 29 16
6 29 15
2 30 15
2 31 15
2 32 15
2 33 15
2 34 15
2 35 15
2 36 15
2 37 15
2 38 15
2 39 15
2 40 15
4 41 15
1 41 14
1 41 13
1 41 12
1 41 11
1 41 10
1 41 9
1 41 8
6 41 7
2 42 7
5 43 7
1 43 8
1 43 9
1 43 10
1 43 11
1 43 12
3 43 13
2 44 13
2 45 13
2 46 13
5 47 13
1 47 14
1 47 15
1 47 16
1 47 17
1 47 18
1 47 19
1 47 20
1 47 21
1 47 22
1 47 23
1 47 24
1 47 25
1 47 26
1 47 27
1 47 28
1 47 29
1 47 30
1 47 31
1 47 32
1 47 33
1 47 34
1 47 35
1 47 36
1 47 37
4 47 38
6 46 38
1 46 39
1 46 40
4 46 41
2 45 41
2 44 41
2 43 41
2 42 41
6 41 41
1 41 42
1 41 43
4 41 44
0 40 44
-1
-1
-1
-1
-1
-1
-1
-1
-1
-1
-1
-1
-1
-1
-1
-1
-1
-1
-1
-1
-1
-1
-1
-1
-1
-1
-1
-1
-1
-1
-1
-1
-1
-1
-1
-1
-1
-1
-1
-1
-1
-1
-1
-1
-1
-1
