0 7 34
2 8 34
2 9 34
2 10 34
2 11 34
2 12 34
2 13 34
2 14 34
2 15 34
2 16 34
2 17 34
2 18 34
2 19 34
2 20 34
2 21 34
2 22 34
2 23 34
2 24 34
2 25 34
2 26 34
2 27 34
2 28 34
2 29 34
2 30 34
2 31 34
2 32 34
2 33 34
2 34 34
2 35 34
2 36 34
2 37 34
2 38 34
2 39 34
2 40 34
2 41 34
4 42 34
1 42 33
1 42 32
1 42 31
1 42 30
1 42 29
1 42 28
1 42 27
1 42 26
1 42 25
1 42 24
1 42 23
0 42 22
2 41 22
2 40 22
2 39 22
2 38 22
2 37 22
2 36 22
2 35 22
2 34 22
2 33 22
2 32 22
3 31 22
1 31 21
1 31 20
1 31 19
1 31 18
1 31 17
1 31 16
1 31 15
-1
-1
-1
-1
-1
-1
-1
-1
-1
-1
-1
-1
-1
-1
-1
-1
-1
-1
-1
-1
-1
-1
-1
-1
-1
-1
-1
-1
-1
-1
-1
-1
-1
-1
-1
-1
-1
-1
-1
-1
-1
-1
-1
-1
-1
-1
-1
-1
-1
-1
0 31 14
2 6 34
2 5 34
2 4 34
2 3 34
6 2 34
1 2 35
1 2 36
1 2 37
1 2 38
1 2 39
1 2 40
1 2 41
1 2 42
1 2 43
1 2 44
1 2 45
1 2 46
-1
-1
-1
-1
-1
-1
-1
-1
-1
-1
-1
-1
-1
-1
-1
-1
-1
-1
-1
0 2 47
6 30 14
1 30 15
1 30 16
1 30 17
1 30 18
1 30 19
1 30 20
1 30 21
1 30 22
1 30 23
3 30 24
2 31 24
2 32 24
2 33 24
2 34 24
2 35 24
2 36 24
-1
-1
-1
-1
-1
-1
-1
-1
-1
0 37 24
2 3 47
2 4 47
2 5 47
2 6 47
2 7 47
2 8 47
2 9 47
2 10 47
2 11 47
2 12 47
2 13 47
2 14 47
-1
-1
-1
-1
-1
0 15 47
5 7 33
2 6 33
2 5 33
2 4 33
2 3 33
2 2 33
3 1 33
1 1 32
1 1 31
1 1 30
1 1 29
1 1 28
1 1 27
1 1 26
1 1 25
1 1 24
1 1 23
1 1 22
1 1 21
1 1 20
1 1 19
1 1 18
1 1 17
1 1 16
0 1 15
5 31 13
2 30 13
2 29 13
2 28 13
2 27 13
2 26 13
2 25 13
3 24 13
0 24 12
5 2 15
1 2 16
1 2 17
1 2 18
1 2 19
1 2 20
0 2 21
6 23 12
1 23 13
1 23 14
1 23 15
1 23 16
1 23 17
1 23 18
3 23 19
2 24 19
2 25 19
2 26 19
2 27 19
2 28 19
0 29 19
2 16 47
2 17 47
2 18 47
2 19 47
2 20 47
2 21 47
2 22 47
2 23 47
2 24 47
2 25 47
4 26 47
1 26 46
1 26 45
0 26 44
1 2 22
1 2 23
1 2 24
1 2 25
1 2 26
1 2 27
3 2 28
2 3 28
2 4 28
2 5 28
2 6 28
2 7 28
2 8 28
2 9 28
2 10 28
2 11 28
2 12 28
0 13 28
2 32 14
2 33 14
2 34 14
2 35 14
4 36 14
1 36 13
1 36 12
0 36 11
6 1 14
4 2 14
1 2 13
1 2 12
1 2 11
1 2 10
1 2 9
0 2 8
2 37 11
2 38 11
2 39 11
2 40 11
2 41 11
2 42 11
2 43 11
0 44 11
2 3 8
2 4 8
2 5 8
2 6 8
2 7 8
2 8 8
2 9 8
2 10 8
4 11 8
1 11 7
1 11 6
1 11 5
1 11 4
1 11 3
0 11 2
5 24 11
2 23 11
2 22 11
2 21 11
2 20 11
2 19 11
6 18 11
1 18 12
1 18 13
1 18 14
1 18 15
1 18 16
0 18 17
5 42 21
2 41 21
2 40 21
2 39 21
2 38 21
2 37 21
2 36 21
2 35 21
3 34 21
0 34 20
4 13 29
2 12 29
2 11 29
2 10 29
2 9 29
6 8 29
1 8 30
1 8 31
0 8 32
2 35 20
4 36 20
1 36 19
1 36 18
0 36 17
2 35 11
2 34 11
3 33 11
1 33 10
1 33 9
1 33 8
1 33 7
1 33 6
0 33 5
2 3 21
2 4 21
4 5 21
1 5 20
1 5 19
1 5 18
1 5 17
1 5 16
0 5 15
5 27 44
1 27 45
1 27 46
3 27 47
2 28 47
2 29 47
2 30 47
2 31 47
2 32 47
2 33 47
2 34 47
2 35 47
2 36 47
2 37 47
2 38 47
2 39 47
2 40 47
2 41 47
0 42 47
2 10 2
2 9 2
6 8 2
1 8 3
1 8 4
1 8 5
0 8 6
1 5 14
1 5 13
1 5 12
0 5 11
4 25 12
1 25 11
5 25 10
2 24 10
2 23 10
2 22 10
2 21 10
2 20 10
3 19 10
1 19 9
0 19 8
-1
-1
-1
-1
-1
-1
-1
-1
-1
-1
-1
-1
-1
-1
-1
-1
-1
-1
-1
-1
-1
-1
-1
-1
-1
-1
-1
-1
-1
-1
-1
-1
-1
-1
-1
-1
-1
-1
-1
-1
-1
-1
-1
-1
-1
-1
-1
-1
-1
-1
-1
-1
-1
-1
-1
-1
-1
-1
-1
-1
-1
-1
-1
-1
-1
-1
-1
-1
-1
-1
-1
-1
-1
-1
-1
-1
-1
-1
-1
-1
-1
-1
-1
-1
-1
-1
-1
-1
-1
-1
-1
-1
-1
-1
-1
-1
-1
-1
-1
-1
-1
-1
-1
-1
-1
-1
-1
-1
-1
-1
-1
-1
-1
-1
-1
-1
-1
-1
-1
-1
-1
-1
-1
-1
-1
-1
-1
-1
-1
-1
-1
-1
-1
-1
-1
-1
-1
-1
-1
-1
-1
-1
-1
-1
-1
-1
-1
-1
-1
-1
-1
-1
-1
-1
-1
-1
-1
-1
-1
-1
-1
-1
-1
-1
-1
-1
-1
-1
-1
-1
-1
-1
-1
-1
-1
-1
-1
-1
-1
-1
-1
-1
-1
-1
-1
-1
-1
-1
-1
-1
-1
-1
-1
-1
-1
-1
-1
-1
-1
-1
-1
-1
-1
-1
-1
-1
-1
-1
-1
-1
-1
-1
-1
-1
-1
-1
-1
-1
-1
-1
-1
-1
-1
-1
-1
-1
-1
-1
-1
-1
-1
-1
-1
-1
-1
-1
-1
-1
-1
-1
-1
-1
-1
-1
-1
-1
-1
-1
-1
-1
-1
-1
-1
-1
-1
-1
-1
-1
-1
-1
-1
-1
-1
-1
-1
-1
-1
-1
-1
-1
-1
-1
-1
-1
-1
-1
-1
-1
-1
-1
-1
-1
-1
-1
-1
-1
-1
-1
-1
-1
-1
-1
-1
-1
-1
-1
-1
-1
-1
-1
-1
-1
-1
-1
-1
-1
-1
-1
-1
-1
-1
-1
-1
-1
-1
-1
-1
-1
-1
-1
-1
-1
-1
-1
-1
-1
-1
-1
-1
-1
-1
-1
-1
-1
-1
-1
-1
-1
-1
-1
-1
-1
-1
-1
-1
-1
-1
-1
-1
-1
-1
-1
-1
-1
-1
-1
-1
-1
-1
-1
-1
-1
-1
-1
-1
-1
-1
-1
-1
-1
-1
-1
-1
-1
-1
-1
-1
-1
-1
