0 14 8
1 14 9
1 14 10
1 14 11
1 14 12
1 14 13
1 14 14
1 14 15
1 14 16
1 14 17
1 14 18
1 14 19
1 14 20
1 14 21
1 14 22
1 14 23
1 14 24
1 14 25
1 14 26
1 14 27
1 14 28
1 14 29
1 14 30
1 14 31
1 14 32
1 14 33
1 14 34
3 14 35
2 15 35
2 16 35
2 17 35
2 18 35
2 19 35
2 20 35
2 21 35
2 22 35
0 23 35
1 23 36
1 23 37
3 23 38
2 24 38
2 25 38
2 26 38
2 27 38
2 28 38
2 29 38
2 30 38
2 31 38
2 32 38
2 33 38
2 34 38
-1
-1
-1
-1
-1
-1
-1
-1
-1
-1
-1
-1
-1
-1
-1
-1
0 35 38
2 36 38
2 37 38
2 38 38
2 39 38
2 40 38
2 41 38
-1
-1
-1
-1
-1
-1
-1
-1
-1
-1
-1
-1
-1
-1
-1
-1
-1
-1
-1
-1
-1
-1
-1
-1
0 42 38
5 15 8
1 15 9
1 15 10
1 15 11
1 15 12
1 15 13
1 15 14
3 15 15
2 16 15
2 17 15
2 18 15
-1
-1
-1
-1
-1
-1
-1
-1
-1
-1
-1
-1
-1
-1
0 19 15
6 14 7
2 15 7
5 16 7
3 16 8
2 17 8
2 18 8
2 19 8
-1
-1
-1
-1
-1
-1
-1
-1
-1
-1
-1
0 20 8
5 35 37
2 34 37
2 33 37
2 32 37
3 31 37
1 31 36
1 31 35
-1
-1
-1
-1
-1
-1
-1
-1
0 31 34
2 21 8
2 22 8
2 23 8
-1
-1
-1
-1
-1
-1
-1
-1
0 24 8
2 13 8
2 12 8
2 11 8
2 10 8
2 9 8
2 8 8
2 7 8
2 6 8
2 5 8
2 4 8
2 3 8
6 2 8
1 2 9
1 2 10
1 2 11
1 2 12
1 2 13
1 2 14
1 2 15
1 2 16
1 2 17
1 2 18
1 2 19
1 2 20
1 2 21
1 2 22
1 2 23
1 2 24
1 2 25
1 2 26
0 2 27
2 3 27
2 4 27
2 5 27
2 6 27
2 7 27
2 8 27
2 9 27
4 10 27
1 10 26
1 10 25
1 10 24
0 10 23
4 24 35
1 24 34
1 24 33
0 24 32
5 24 7
3 23 7
1 23 6
0 23 5
4 35 39
2 34 39
2 33 39
2 32 39
2 31 39
2 30 39
2 29 39
2 28 39
2 27 39
2 26 39
2 25 39
2 24 39
2 23 39
2 22 39
2 21 39
2 20 39
2 19 39
2 18 39
2 17 39
2 16 39
0 15 39
2 14 39
2 13 39
2 12 39
2 11 39
2 10 39
2 9 39
2 8 39
6 7 39
1 7 40
1 7 41
1 7 42
1 7 43
1 7 44
0 7 45
5 20 7
2 19 7
2 18 7
3 17 7
5 17 6
2 16 6
2 15 6
3 14 6
0 14 5
1 15 40
1 15 41
1 15 42
3 15 43
2 16 43
0 17 43
1 19 16
3 19 17
2 20 17
0 21 17
2 9 23
2 8 23
2 7 23
2 6 23
3 5 23
1 5 22
1 5 21
1 5 20
1 5 19
1 5 18
1 5 17
1 5 16
1 5 15
1 5 14
1 5 13
1 5 12
1 5 11
1 5 10
0 5 9
1 10 22
1 10 21
0 10 20
2 23 32
2 22 32
2 21 32
2 20 32
2 19 32
3 18 32
0 18 31
1 20 9
3 20 10
0 21 10
2 15 5
2 16 5
4 17 5
1 17 4
1 17 3
0 17 2
2 18 2
2 19 2
0 20 2
2 4 9
6 3 9
1 3 10
1 3 11
1 3 12
1 3 13
1 3 14
1 3 15
1 3 16
1 3 17
1 3 18
1 3 19
0 3 20
4 21 11
2 20 11
2 19 11
2 18 11
3 17 11
1 17 10
0 17 9
2 25 32
4 26 32
1 26 31
1 26 30
1 26 29
1 26 28
1 26 27
0 26 26
2 32 34
2 33 34
4 34 34
1 34 33
0 34 32
5 23 34
2 22 34
2 21 34
3 20 34
0 20 33
5 6 9
1 6 10
1 6 11
3 6 12
2 7 12
2 8 12
2 9 12
2 10 12
2 11 12
2 12 12
0 13 12
2 25 8
2 26 8
2 27 8
2 28 8
2 29 8
2 30 8
4 31 8
0 31 7
2 22 5
2 21 5
2 20 5
2 19 5
0 18 5
5 27 26
3 27 27
0 28 27
4 17 44
6 16 44
1 16 45
1 16 46
0 16 47
2 15 47
2 14 47
2 13 47
3 12 47
0 12 46
4 28 28
6 27 28
1 27 29
1 27 30
0 27 31
1 21 18
3 21 19
2 22 19
2 23 19
0 24 19
5 11 23
1 11 24
1 11 25
1 11 26
1 11 27
3 11 28
2 12 28
0 13 28
4 13 29
2 12 29
6 11 29
1 11 30
1 11 31
0 11 32
4 24 5
1 24 4
1 24 3
1 24 2
1 24 1
0 24 0
-1
-1
-1
-1
-1
-1
-1
-1
-1
-1
-1
-1
-1
-1
-1
-1
-1
-1
-1
-1
-1
-1
-1
-1
-1
-1
-1
-1
-1
-1
-1
-1
-1
-1
-1
-1
-1
-1
-1
-1
-1
-1
-1
-1
-1
-1
-1
-1
-1
-1
-1
-1
-1
-1
-1
-1
-1
-1
-1
-1
-1
-1
-1
-1
-1
-1
-1
-1
-1
-1
-1
-1
-1
-1
-1
-1
-1
-1
-1
-1
-1
-1
-1
-1
-1
-1
-1
-1
-1
-1
-1
-1
-1
-1
-1
-1
-1
-1
-1
-1
-1
-1
-1
-1
-1
-1
-1
-1
-1
-1
-1
-1
-1
-1
-1
-1
-1
-1
-1
-1
-1
-1
-1
-1
-1
-1
-1
-1
-1
-1
-1
-1
-1
-1
-1
-1
-1
-1
-1
-1
-1
-1
-1
-1
-1
-1
-1
-1
-1
-1
-1
-1
-1
-1
-1
-1
-1
-1
-1
-1
-1
-1
-1
-1
-1
-1
-1
-1
-1
-1
-1
-1
-1
-1
-1
-1
-1
-1
-1
-1
-1
-1
-1
-1
-1
-1
-1
-1
-1
-1
-1
-1
-1
-1
-1
-1
-1
-1
-1
-1
-1
-1
-1
-1
-1
-1
-1
-1
-1
-1
-1
-1
-1
-1
-1
-1
-1
-1
-1
-1
-1
-1
-1
-1
-1
-1
-1
-1
-1
-1
-1
-1
-1
-1
-1
-1
-1
-1
-1
-1
-1
-1
-1
-1
-1
-1
-1
-1
-1
-1
-1
-1
-1
-1
-1
-1
-1
-1
-1
-1
-1
-1
-1
-1
-1
-1
-1
-1
-1
-1
-1
-1
-1
-1
-1
-1
-1
-1
-1
-1
-1
-1
-1
-1
-1
-1
-1
-1
-1
-1
-1
-1
-1
-1
-1
-1
-1
-1
-1
-1
-1
-1
-1
-1
-1
-1
-1
-1
-1
-1
-1
-1
-1
-1
-1
-1
-1
-1
-1
-1
-1
-1
-1
-1
-1
-1
-1
-1
-1
-1
-1
-1
-1
-1
-1
-1
-1
-1
-1
-1
-1
-1
-1
-1
-1
-1
-1
-1
-1
-1
-1
-1
-1
-1
-1
-1
-1
-1
-1
-1
-1
-1
-1
-1
-1
-1
-1
-1
-1
-1
-1
-1
-1
-1
-1
-1
-1
