0 29 32
2 30 32
2 31 32
2 32 32
2 33 32
2 34 32
2 35 32
4 36 32
0 36 31
2 28 32
2 27 32
2 26 32
2 25 32
-1
-1
-1
2 24 32
-1
-1
-1
-1
2 23 32
-1
-1
-1
-1
-1
2 22 32
-1
-1
-1
-1
2 21 32
-1
-1
-1
-1
-1
2 20 32
-1
-1
-1
-1
-1
3 19 32
-1
-1
-1
-1
1 19 31
-1
-1
-1
-1
-1
1 19 30
-1
-1
-1
-1
1 19 29
-1
-1
-1
-1
-1
1 19 28
-1
-1
-1
-1
1 19 27
-1
-1
-1
-1
-1
1 19 26
-1
-1
-1
-1
1 19 25
-1
-1
-1
-1
-1
1 19 24
-1
-1
-1
-1
-1
1 19 23
-1
-1
-1
-1
1 19 22
-1
-1
-1
-1
-1
1 19 21
-1
-1
-1
-1
1 19 20
-1
-1
-1
-1
-1
1 19 19
-1
-1
-1
-1
1 19 18
-1
-1
-1
-1
-1
1 19 17
-1
-1
-1
-1
1 19 16
-1
-1
-1
-1
-1
1 19 15
-1
-1
-1
-1
-1
1 19 14
-1
-1
-1
-1
1 19 13
-1
-1
-1
-1
-1
1 19 12
-1
-1
-1
-1
1 19 11
-1
-1
-1
-1
-1
1 19 10
-1
-1
-1
-1
1 19 9
-1
-1
-1
-1
-1
1 19 8
-1
-1
-1
-1
1 19 7
-1
-1
-1
-1
-1
1 19 6
-1
-1
-1
-1
-1
1 19 5
-1
-1
-1
-1
1 19 4
-1
-1
-1
-1
-1
1 19 3
-1
-1
-1
-1
1 19 2
-1
-1
-1
-1
-1
-1
-1
-1
-1
-1
-1
-1
-1
-1
-1
-1
-1
-1
-1
-1
-1
-1
-1
-1
-1
-1
-1
-1
-1
-1
-1
-1
-1
-1
-1
-1
-1
-1
-1
-1
-1
-1
-1
-1
-1
-1
-1
-1
-1
-1
-1
-1
-1
-1
-1
-1
-1
-1
-1
-1
-1
-1
-1
-1
-1
-1
-1
-1
-1
-1
-1
-1
-1
-1
-1
-1
-1
-1
-1
-1
-1
-1
-1
-1
-1
-1
-1
-1
-1
-1
-1
-1
-1
-1
-1
-1
-1
-1
-1
-1
-1
-1
-1
-1
-1
-1
-1
-1
-1
-1
-1
-1
-1
-1
-1
-1
-1
-1
-1
-1
-1
-1
-1
-1
-1
-1
-1
-1
-1
-1
-1
-1
-1
-1
-1
-1
-1
-1
-1
-1
-1
-1
-1
-1
-1
-1
-1
-1
-1
-1
-1
-1
-1
-1
-1
-1
-1
-1
-1
-1
-1
-1
-1
-1
-1
-1
-1
-1
-1
-1
-1
-1
-1
-1
-1
-1
-1
-1
-1
-1
-1
-1
-1
-1
-1
-1
-1
-1
-1
-1
-1
-1
-1
-1
-1
-1
-1
-1
-1
-1
-1
-1
-1
-1
-1
-1
-1
-1
-1
-1
-1
-1
-1
-1
-1
-1
-1
-1
-1
-1
-1
-1
-1
-1
-1
-1
-1
-1
-1
-1
-1
-1
-1
-1
-1
-1
-1
-1
-1
-1
-1
-1
-1
-1
-1
-1
-1
-1
-1
-1
-1
-1
-1
-1
-1
-1
-1
-1
-1
-1
-1
-1
-1
-1
-1
-1
-1
-1
-1
-1
-1
-1
-1
-1
-1
-1
-1
0 19 1
2 18 1
2 17 1
2 16 1
2 15 1
2 14 1
2 13 1
2 12 1
2 11 1
2 10 1
2 9 1
2 8 1
2 7 1
2 6 1
6 5 1
1 5 2
1 5 3
1 5 4
1 5 5
1 5 6
1 5 7
1 5 8
1 5 9
1 5 10
1 5 11
1 5 12
1 5 13
1 5 14
1 5 15
1 5 16
1 5 17
1 5 18
1 5 19
1 5 20
-1
-1
-1
-1
-1
-1
-1
-1
-1
-1
-1
-1
-1
-1
-1
-1
-1
-1
-1
-1
-1
-1
-1
0 5 21
2 6 21
2 7 21
2 8 21
2 9 21
2 10 21
2 11 21
2 12 21
2 13 21
2 14 21
2 15 21
2 16 21
4 17 21
1 17 20
1 17 19
1 17 18
1 17 17
1 17 16
1 17 15
1 17 14
1 17 13
1 17 12
1 17 11
1 17 10
1 17 9
1 17 8
1 17 7
-1
-1
-1
-1
-1
-1
-1
0 17 6
5 37 31
1 37 32
1 37 33
1 37 34
1 37 35
1 37 36
1 37 37
1 37 38
1 37 39
3 37 40
2 38 40
2 39 40
2 40 40
2 41 40
2 42 40
2 43 40
2 44 40
2 45 40
2 46 40
-1
-1
-1
-1
-1
-1
-1
0 47 40
6 36 30
2 37 30
2 38 30
2 39 30
2 40 30
2 41 30
2 42 30
2 43 30
4 44 30
1 44 29
1 44 28
1 44 27
1 44 26
1 44 25
1 44 24
1 44 23
1 44 22
1 44 21
1 44 20
1 44 19
1 44 18
1 44 17
1 44 16
1 44 15
1 44 14
1 44 13
0 44 12
2 16 6
2 15 6
3 14 6
1 14 5
1 14 4
-1
-1
0 14 3
4 29 33
2 28 33
2 27 33
6 26 33
1 26 34
1 26 35
1 26 36
1 26 37
1 26 38
1 26 39
1 26 40
1 26 41
1 26 42
1 26 43
1 26 44
1 26 45
0 26 46
5 29 31
2 28 31
2 27 31
3 26 31
1 26 30
1 26 29
1 26 28
1 26 27
0 26 26
2 27 46
2 28 46
2 29 46
2 30 46
4 31 46
1 31 45
1 31 44
0 31 43
3 35 31
1 35 30
6 35 29
2 36 29
2 37 29
2 38 29
4 39 29
1 39 28
1 39 27
1 39 26
1 39 25
1 39 24
1 39 23
0 39 22
5 32 43
1 32 44
3 32 45
2 33 45
2 34 45
2 35 45
2 36 45
2 37 45
2 38 45
2 39 45
0 40 45
-1
-1
-1
-1
-1
-1
-1
-1
-1
-1
-1
-1
-1
-1
-1
-1
-1
-1
-1
-1
-1
-1
-1
-1
-1
-1
-1
-1
-1
-1
-1
-1
-1
-1
-1
-1
-1
-1
-1
-1
-1
-1
-1
-1
-1
-1
-1
-1
-1
-1
-1
-1
-1
-1
-1
-1
-1
-1
-1
-1
-1
-1
-1
-1
-1
-1
-1
-1
-1
-1
-1
-1
-1
-1
-1
-1
-1
-1
-1
-1
-1
-1
-1
-1
-1
-1
-1
-1
-1
-1
-1
-1
-1
-1
-1
-1
-1
-1
-1
