0 3 45
2 4 45
2 5 45
4 6 45
1 6 44
1 6 43
1 6 42
1 6 41
1 6 40
1 6 39
1 6 38
1 6 37
1 6 36
1 6 35
1 6 34
1 6 33
1 6 32
1 6 31
1 6 30
1 6 29
1 6 28
1 6 27
1 6 26
1 6 25
1 6 24
1 6 23
1 6 22
1 6 21
1 6 20
0 6 19
1 6 18
1 6 17
1 6 16
-1
1 6 15
-1
-1
1 6 14
-1
-1
1 6 13
-1
-1
1 6 12
-1
-1
1 6 11
-1
-1
1 6 10
-1
-1
1 6 9
-1
-1
1 6 8
-1
-1
1 6 7
-1
-1
-1
1 6 6
-1
-1
1 6 5
-1
-1
1 6 4
-1
-1
1 6 3
-1
-1
1 6 2
-1
-1
1 6 1
-1
-1
-1
-1
-1
-1
-1
-1
-1
-1
-1
-1
-1
-1
-1
-1
-1
-1
-1
-1
-1
-1
-1
-1
-1
-1
-1
-1
-1
-1
-1
-1
-1
-1
-1
-1
-1
-1
-1
-1
-1
-1
-1
-1
-1
-1
-1
-1
-1
-1
-1
-1
-1
-1
-1
-1
-1
-1
-1
-1
-1
-1
-1
-1
-1
-1
-1
-1
-1
-1
-1
-1
-1
-1
-1
-1
-1
-1
-1
-1
-1
-1
-1
-1
-1
-1
-1
-1
-1
-1
-1
-1
-1
-1
-1
-1
-1
-1
-1
-1
-1
-1
-1
-1
-1
-1
-1
-1
-1
-1
-1
-1
-1
-1
-1
-1
-1
-1
-1
-1
-1
-1
-1
-1
-1
-1
-1
-1
-1
-1
-1
-1
-1
-1
-1
-1
-1
-1
-1
-1
-1
-1
-1
-1
-1
-1
-1
-1
-1
-1
0 6 0
-1
5 7 19
1 7 20
1 7 21
1 7 22
1 7 23
-1
1 7 24
1 7 25
1 7 26
1 7 27
-1
1 7 28
3 7 29
2 8 29
2 9 29
2 10 29
-1
2 11 29
2 12 29
2 13 29
2 14 29
-1
2 15 29
2 16 29
2 17 29
2 18 29
2 19 29
-1
2 20 29
2 21 29
2 22 29
2 23 29
-1
2 24 29
2 25 29
2 26 29
2 27 29
2 28 29
-1
-1
-1
-1
-1
-1
-1
-1
-1
-1
-1
-1
-1
-1
-1
-1
-1
-1
-1
-1
-1
-1
-1
-1
-1
-1
-1
-1
-1
-1
-1
-1
-1
-1
-1
-1
-1
-1
-1
-1
-1
-1
-1
-1
-1
-1
-1
-1
-1
-1
-1
-1
-1
-1
-1
-1
-1
-1
-1
-1
0 29 29
3 3 46
2 4 46
2 5 46
2 6 46
2 7 46
2 8 46
2 9 46
2 10 46
2 11 46
2 12 46
2 13 46
2 14 46
2 15 46
2 16 46
4 17 46
1 17 45
1 17 44
1 17 43
-1
-1
-1
-1
-1
-1
-1
-1
-1
-1
-1
-1
-1
-1
-1
-1
-1
-1
-1
-1
-1
-1
-1
-1
-1
-1
-1
-1
-1
-1
-1
-1
-1
-1
-1
-1
-1
-1
-1
0 17 42
5 29 28
2 28 28
2 27 28
2 26 28
2 25 28
2 24 28
2 23 28
2 22 28
2 21 28
3 20 28
1 20 27
1 20 26
1 20 25
1 20 24
1 20 23
1 20 22
1 20 21
-1
-1
-1
-1
-1
-1
-1
-1
-1
-1
-1
-1
-1
-1
-1
-1
-1
-1
-1
-1
-1
-1
-1
-1
-1
-1
-1
-1
-1
-1
0 20 20
2 16 42
2 15 42
2 14 42
2 13 42
2 12 42
2 11 42
2 10 42
2 9 42
2 8 42
3 7 42
1 7 41
1 7 40
1 7 39
1 7 38
1 7 37
1 7 36
1 7 35
1 7 34
1 7 33
1 7 32
-1
-1
-1
-1
-1
-1
-1
-1
-1
-1
-1
-1
-1
-1
-1
-1
-1
-1
-1
-1
-1
-1
-1
0 7 31
2 30 29
2 31 29
2 32 29
2 33 29
2 34 29
2 35 29
2 36 29
2 37 29
4 38 29
1 38 28
1 38 27
1 38 26
1 38 25
1 38 24
1 38 23
1 38 22
1 38 21
1 38 20
1 38 19
1 38 18
1 38 17
1 38 16
-1
-1
-1
-1
-1
-1
-1
-1
-1
-1
-1
-1
-1
-1
-1
-1
-1
0 38 15
2 21 20
4 22 20
1 22 19
1 22 18
1 22 17
1 22 16
1 22 15
1 22 14
1 22 13
1 22 12
1 22 11
1 22 10
1 22 9
1 22 8
1 22 7
1 22 6
-1
-1
-1
-1
-1
-1
-1
-1
-1
-1
-1
-1
0 22 5
5 23 5
1 23 6
1 23 7
1 23 8
1 23 9
1 23 10
1 23 11
1 23 12
1 23 13
1 23 14
1 23 15
1 23 16
1 23 17
1 23 18
1 23 19
1 23 20
4 23 21
-1
-1
-1
-1
-1
-1
-1
-1
-1
0 22 21
5 39 15
1 39 16
1 39 17
1 39 18
1 39 19
1 39 20
1 39 21
1 39 22
1 39 23
1 39 24
1 39 25
3 39 26
-1
-1
-1
-1
-1
-1
-1
-1
-1
-1
-1
0 40 26
2 19 20
2 18 20
2 17 20
2 16 20
2 15 20
2 14 20
2 13 20
2 12 20
2 11 20
6 10 20
1 10 21
1 10 22
1 10 23
1 10 24
1 10 25
-1
-1
-1
-1
-1
-1
0 10 26
6 38 14
2 39 14
5 40 14
1 40 15
1 40 16
1 40 17
3 40 18
2 41 18
2 42 18
2 43 18
2 44 18
2 45 18
-1
-1
-1
-1
-1
-1
-1
-1
0 46 18
2 2 45
2 1 45
3 0 45
1 0 44
1 0 43
1 0 42
1 0 41
1 0 40
1 0 39
1 0 38
-1
-1
-1
-1
-1
-1
0 0 37
2 11 26
2 12 26
2 13 26
2 14 26
2 15 26
2 16 26
4 17 26
1 17 25
-1
-1
-1
-1
-1
0 17 24
3 9 26
1 9 25
1 9 24
1 9 23
1 9 22
1 9 21
1 9 20
6 9 19
4 10 19
1 10 18
1 10 17
1 10 16
1 10 15
1 10 14
0 10 13
-1
-1
-1
-1
-1
-1
-1
-1
-1
-1
-1
-1
-1
-1
-1
-1
-1
-1
-1
-1
-1
-1
-1
-1
-1
-1
-1
-1
-1
-1
-1
-1
-1
-1
-1
-1
-1
-1
-1
-1
-1
-1
-1
-1
-1
-1
-1
-1
-1
-1
-1
-1
-1
-1
-1
-1
-1
-1
-1
-1
-1
-1
-1
-1
-1
-1
-1
-1
-1
-1
-1
-1
-1
-1
-1
-1
-1
-1
-1
-1
-1
-1
-1
-1
-1
-1
-1
-1
-1
-1
-1
-1
-1
-1
-1
-1
-1
-1
-1
-1
-1
-1
-1
-1
-1
-1
-1
-1
-1
-1
-1
-1
