0 3 24
2 4 24
2 5 24
2 6 24
2 7 24
2 8 24
2 9 24
2 10 24
2 11 24
2 12 24
2 13 24
2 14 24
2 15 24
2 16 24
2 17 24
2 18 24
2 19 24
2 20 24
2 21 24
2 22 24
2 23 24
2 24 24
2 25 24
0 26 24
6 2 24
1 2 25
1 2 26
1 2 27
-1
1 2 28
-1
-1
-1
1 2 29
-1
-1
-1
1 2 30
-1
-1
-1
1 2 31
-1
-1
-1
1 2 32
-1
-1
-1
1 2 33
-1
-1
-1
1 2 34
-1
-1
-1
1 2 35
-1
-1
-1
1 2 36
-1
-1
-1
1 2 37
-1
-1
-1
1 2 38
-1
-1
-1
1 2 39
-1
-1
-1
1 2 40
-1
-1
-1
1 2 41
-1
-1
-1
-1
-1
-1
-1
-1
-1
-1
-1
-1
-1
-1
-1
-1
-1
-1
-1
-1
-1
-1
-1
-1
-1
-1
-1
-1
-1
-1
-1
-1
-1
-1
-1
-1
-1
-1
-1
-1
-1
-1
-1
-1
-1
-1
-1
-1
-1
-1
-1
-1
-1
-1
-1
-1
-1
-1
-1
-1
-1
-1
-1
-1
-1
-1
-1
-1
-1
-1
-1
-1
-1
-1
-1
-1
-1
-1
-1
-1
-1
-1
-1
-1
-1
-1
-1
-1
-1
-1
-1
-1
-1
-1
-1
-1
-1
-1
-1
-1
-1
-1
-1
-1
-1
-1
-1
-1
-1
-1
-1
-1
-1
-1
-1
-1
-1
-1
-1
-1
-1
-1
-1
-1
-1
-1
-1
-1
-1
-1
-1
-1
-1
-1
-1
-1
-1
-1
-1
-1
-1
-1
-1
-1
-1
-1
-1
-1
-1
-1
-1
-1
-1
-1
-1
-1
-1
-1
-1
-1
-1
-1
-1
-1
-1
-1
-1
-1
-1
-1
-1
-1
-1
-1
-1
-1
-1
-1
-1
-1
-1
-1
-1
-1
-1
-1
-1
-1
-1
-1
-1
-1
-1
-1
-1
-1
-1
-1
-1
0 2 42
-1
2 27 24
2 28 24
-1
2 29 24
2 30 24
-1
2 31 24
2 32 24
-1
2 33 24
2 34 24
-1
2 35 24
-1
2 36 24
2 37 24
-1
2 38 24
2 39 24
-1
2 40 24
2 41 24
-1
4 42 24
1 42 23
-1
1 42 22
1 42 21
-1
-1
-1
-1
-1
-1
-1
-1
-1
-1
-1
-1
-1
-1
-1
-1
-1
-1
-1
-1
-1
-1
-1
-1
-1
-1
-1
-1
-1
-1
-1
-1
-1
-1
-1
-1
-1
-1
-1
-1
-1
-1
-1
-1
-1
-1
-1
-1
-1
-1
-1
-1
-1
-1
-1
-1
-1
-1
-1
-1
-1
-1
-1
-1
-1
-1
-1
-1
-1
-1
-1
-1
-1
-1
-1
-1
0 42 20
2 41 20
2 40 20
3 39 20
1 39 19
1 39 18
-1
-1
-1
-1
-1
-1
-1
-1
-1
-1
-1
-1
-1
-1
-1
-1
-1
-1
-1
-1
-1
-1
-1
-1
-1
-1
-1
-1
-1
-1
-1
-1
0 39 17
2 3 42
2 4 42
2 5 42
2 6 42
2 7 42
2 8 42
2 9 42
2 10 42
2 11 42
4 12 42
1 12 41
1 12 40
-1
-1
-1
-1
-1
-1
-1
-1
-1
-1
-1
-1
-1
-1
-1
-1
0 12 39
1 3 25
1 3 26
1 3 27
1 3 28
3 3 29
2 4 29
2 5 29
2 6 29
2 7 29
-1
-1
-1
-1
-1
-1
-1
-1
-1
-1
0 8 29
4 43 20
1 43 19
1 43 18
1 43 17
1 43 16
1 43 15
1 43 14
1 43 13
1 43 12
1 43 11
1 43 10
1 43 9
1 43 8
1 43 7
1 43 6
1 43 5
0 43 4
5 13 39
1 13 40
1 13 41
1 13 42
1 13 43
1 13 44
1 13 45
1 13 46
3 13 47
2 14 47
2 15 47
2 16 47
2 17 47
2 18 47
0 19 47
5 44 4
1 44 5
1 44 6
1 44 7
1 44 8
1 44 9
1 44 10
1 44 11
1 44 12
1 44 13
1 44 14
1 44 15
1 44 16
1 44 17
3 44 18
0 45 18
5 26 23
2 25 23
2 24 23
2 23 23
2 22 23
2 21 23
0 20 23
1 45 17
1 45 16
1 45 15
1 45 14
1 45 13
1 45 12
-1
-1
0 45 11
6 3 23
2 4 23
2 5 23
2 6 23
2 7 23
2 8 23
2 9 23
4 10 23
1 10 22
1 10 21
1 10 20
1 10 19
1 10 18
0 10 17
2 38 17
2 37 17
3 36 17
1 36 16
1 36 15
1 36 14
1 36 13
0 36 12
3 9 17
1 9 16
1 9 15
1 9 14
1 9 13
1 9 12
1 9 11
1 9 10
1 9 9
1 9 8
1 9 7
1 9 6
0 9 5
6 8 5
1 8 6
1 8 7
1 8 8
1 8 9
1 8 10
1 8 11
1 8 12
1 8 13
1 8 14
1 8 15
1 8 16
1 8 17
1 8 18
1 8 19
0 8 20
6 12 38
2 13 38
2 14 38
2 15 38
2 16 38
4 17 38
1 17 37
1 17 36
1 17 35
1 17 34
0 17 33
1 26 25
1 26 26
1 26 27
1 26 28
1 26 29
1 26 30
1 26 31
3 26 32
2 27 32
2 28 32
2 29 32
2 30 32
2 31 32
2 32 32
2 33 32
2 34 32
2 35 32
2 36 32
2 37 32
0 38 32
1 45 10
1 45 9
1 45 8
1 45 7
0 45 6
1 38 33
1 38 34
3 38 35
2 39 35
2 40 35
2 41 35
2 42 35
2 43 35
2 44 35
2 45 35
0 46 35
1 8 30
1 8 31
1 8 32
3 8 33
2 9 33
0 10 33
5 38 31
2 37 31
2 36 31
2 35 31
2 34 31
2 33 31
2 32 31
2 31 31
0 30 31
5 9 4
2 8 4
2 7 4
2 6 4
2 5 4
2 4 4
2 3 4
6 2 4
1 2 5
1 2 6
0 2 7
5 11 17
1 11 18
3 11 19
2 12 19
2 13 19
2 14 19
0 15 19
4 46 36
2 45 36
2 44 36
6 43 36
1 43 37
1 43 38
1 43 39
1 43 40
1 43 41
1 43 42
1 43 43
1 43 44
1 43 45
1 43 46
0 43 47
2 42 47
2 41 47
3 40 47
1 40 46
1 40 45
1 40 44
1 40 43
1 40 42
1 40 41
1 40 40
1 40 39
1 40 38
0 40 37
4 47 35
1 47 34
1 47 33
1 47 32
1 47 31
1 47 30
1 47 29
0 47 28
2 35 12
2 34 12
6 33 12
1 33 13
1 33 14
1 33 15
1 33 16
1 33 17
1 33 18
0 33 19
1 10 16
1 10 15
1 10 14
0 10 13
3 1 42
1 1 41
1 1 40
1 1 39
1 1 38
1 1 37
1 1 36
1 1 35
1 1 34
1 1 33
0 1 32
2 42 4
2 41 4
2 40 4
2 39 4
2 38 4
3 37 4
0 37 3
4 19 48
2 18 48
2 17 48
2 16 48
2 15 48
2 14 48
2 13 48
3 12 48
1 12 47
1 12 46
0 12 45
4 15 20
2 14 20
2 13 20
2 12 20
6 11 20
0 11 21
2 39 32
4 40 32
1 40 31
1 40 30
1 40 29
1 40 28
1 40 27
0 40 26
2 18 33
2 19 33
2 20 33
2 21 33
2 22 33
2 23 33
2 24 33
4 25 33
0 25 32
2 20 47
2 21 47
2 22 47
2 23 47
2 24 47
4 25 47
1 25 46
1 25 45
1 25 44
1 25 43
1 25 42
1 25 41
1 25 40
0 25 39
5 19 46
2 18 46
2 17 46
2 16 46
3 15 46
1 15 45
1 15 44
1 15 43
1 15 42
1 15 41
0 15 40
-1
-1
-1
