0 5 18
2 6 18
2 7 18
2 8 18
2 9 18
2 10 18
2 11 18
2 12 18
2 13 18
2 14 18
2 15 18
2 16 18
2 17 18
2 18 18
2 19 18
2 20 18
2 21 18
2 22 18
2 23 18
2 24 18
2 25 18
2 26 18
2 27 18
2 28 18
2 29 18
2 30 18
2 31 18
4 32 18
1 32 17
1 32 16
1 32 15
0 32 14
5 33 14
1 33 15
1 33 16
1 33 17
1 33 18
1 33 19
1 33 20
1 33 21
1 33 22
1 33 23
1 33 24
1 33 25
1 33 26
1 33 27
1 33 28
1 33 29
3 33 30
2 34 30
2 35 30
2 36 30
2 37 30
2 38 30
2 39 30
2 40 30
2 41 30
2 42 30
-1
-1
-1
-1
-1
-1
-1
-1
-1
-1
-1
-1
-1
-1
-1
-1
-1
-1
-1
-1
-1
-1
-1
-1
-1
-1
-1
-1
-1
-1
-1
-1
-1
-1
-1
-1
-1
-1
-1
-1
-1
-1
-1
-1
-1
-1
-1
-1
-1
-1
-1
-1
-1
-1
-1
-1
-1
-1
-1
-1
-1
-1
-1
-1
-1
-1
-1
-1
-1
-1
-1
-1
-1
-1
-1
0 43 30
1 5 19
1 5 20
1 5 21
1 5 22
1 5 23
1 5 24
1 5 25
1 5 26
1 5 27
1 5 28
1 5 29
1 5 30
-1
-1
-1
-1
-1
-1
-1
-1
-1
-1
-1
-1
-1
-1
-1
-1
-1
-1
-1
-1
-1
-1
-1
-1
-1
-1
-1
-1
-1
-1
-1
-1
-1
-1
-1
-1
-1
-1
-1
-1
-1
0 5 31
1 5 17
1 5 16
1 5 15
1 5 14
1 5 13
1 5 12
1 5 11
1 5 10
1 5 9
1 5 8
1 5 7
1 5 6
-1
-1
-1
-1
-1
-1
-1
-1
-1
-1
-1
-1
-1
-1
-1
-1
-1
-1
-1
0 5 5
1 43 29
1 43 28
1 43 27
1 43 26
1 43 25
1 43 24
1 43 23
1 43 22
1 43 21
1 43 20
-1
-1
-1
-1
-1
-1
-1
-1
-1
-1
-1
-1
0 43 19
1 5 32
1 5 33
1 5 34
1 5 35
1 5 36
1 5 37
1 5 38
1 5 39
1 5 40
1 5 41
1 5 42
3 5 43
-1
-1
-1
-1
-1
0 6 43
4 44 30
1 44 29
1 44 28
-1
-1
-1
-1
-1
-1
-1
-1
0 44 27
4 43 31
2 42 31
2 41 31
2 40 31
2 39 31
2 38 31
2 37 31
2 36 31
2 35 31
2 34 31
2 33 31
2 32 31
2 31 31
0 30 31
2 6 31
2 7 31
2 8 31
4 9 31
1 9 30
1 9 29
1 9 28
1 9 27
1 9 26
1 9 25
1 9 24
1 9 23
1 9 22
0 9 21
5 45 27
1 45 28
1 45 29
1 45 30
1 45 31
1 45 32
1 45 33
1 45 34
1 45 35
1 45 36
1 45 37
1 45 38
3 45 39
2 46 39
0 47 39
6 32 13
2 33 13
5 34 13
3 34 14
2 35 14
2 36 14
2 37 14
0 38 14
1 6 44
3 6 45
2 7 45
2 8 45
2 9 45
0 10 45
2 42 19
2 41 19
2 40 19
6 39 19
0 39 20
5 6 5
1 6 6
1 6 7
3 6 8
2 7 8
2 8 8
0 9 8
2 10 8
2 11 8
2 12 8
2 13 8
2 14 8
4 15 8
1 15 7
1 15 6
1 15 5
1 15 4
1 15 3
1 15 2
1 15 1
0 15 0
2 44 19
2 45 19
4 46 19
1 46 18
1 46 17
1 46 16
1 46 15
1 46 14
1 46 13
1 46 12
0 46 11
3 30 32
2 31 32
2 32 32
2 33 32
2 34 32
2 35 32
0 36 32
5 16 0
1 16 1
1 16 2
1 16 3
1 16 4
1 16 5
0 16 6
2 29 31
2 28 31
2 27 31
2 26 31
2 25 31
6 24 31
1 24 32
1 24 33
1 24 34
1 24 35
1 24 36
1 24 37
1 24 38
1 24 39
0 24 40
2 4 5
2 3 5
0 2 5
5 10 21
1 10 22
1 10 23
1 10 24
1 10 25
1 10 26
1 10 27
3 10 28
2 11 28
2 12 28
2 13 28
0 14 28
5 38 13
3 37 13
1 37 12
0 37 11
5 43 18
2 42 18
3 41 18
0 41 17
6 8 21
1 8 22
1 8 23
1 8 24
1 8 25
1 8 26
1 8 27
1 8 28
1 8 29
0 8 30
2 31 14
2 30 14
2 29 14
2 28 14
3 27 14
1 27 13
1 27 12
1 27 11
1 27 10
1 27 9
1 27 8
0 27 7
4 7 43
1 7 42
1 7 41
0 7 40
1 14 29
1 14 30
1 14 31
3 14 32
2 15 32
2 16 32
0 17 32
2 17 6
4 18 6
0 18 5
1 2 4
1 2 3
0 2 2
4 36 33
2 35 33
2 34 33
2 33 33
2 32 33
6 31 33
1 31 34
1 31 35
1 31 36
0 31 37
2 42 17
2 43 17
4 44 17
0 44 16
2 11 45
2 12 45
4 13 45
0 13 44
2 4 31
2 3 31
2 2 31
3 1 31
1 1 30
1 1 29
1 1 28
0 1 27
5 9 20
2 8 20
2 7 20
6 6 20
0 6 21
1 16 7
1 16 8
1 16 9
1 16 10
1 16 11
1 16 12
1 16 13
1 16 14
1 16 15
1 16 16
3 16 17
2 17 17
0 18 17
5 28 7
1 28 8
1 28 9
1 28 10
0 28 11
2 8 40
2 9 40
2 10 40
2 11 40
4 12 40
1 12 39
0 12 38
6 14 0
1 14 1
1 14 2
1 14 3
1 14 4
0 14 5
2 38 20
2 37 20
2 36 20
6 35 20
0 35 21
-1
-1
-1
-1
-1
-1
-1
-1
-1
-1
-1
-1
-1
-1
-1
-1
-1
-1
-1
-1
-1
-1
-1
-1
-1
-1
-1
-1
-1
-1
-1
-1
-1
-1
-1
-1
-1
-1
-1
-1
-1
-1
-1
-1
-1
-1
-1
-1
-1
-1
-1
-1
-1
-1
-1
-1
-1
-1
-1
-1
-1
-1
-1
-1
-1
-1
-1
-1
-1
-1
-1
-1
-1
-1
-1
-1
-1
-1
-1
-1
-1
-1
-1
-1
-1
-1
-1
-1
-1
-1
-1
-1
-1
-1
-1
-1
-1
-1
-1
-1
-1
-1
-1
-1
-1
-1
-1
-1
-1
-1
-1
-1
-1
-1
-1
-1
-1
-1
-1
-1
-1
-1
-1
-1
-1
-1
-1
-1
-1
-1
-1
-1
-1
-1
-1
-1
-1
-1
-1
-1
-1
-1
-1
-1
-1
-1
-1
-1
-1
-1
-1
-1
-1
-1
-1
-1
-1
-1
-1
-1
-1
-1
-1
-1
-1
-1
-1
-1
-1
-1
-1
-1
-1
-1
-1
-1
-1
-1
-1
-1
-1
-1
-1
-1
-1
-1
-1
-1
-1
-1
-1
-1
-1
-1
-1
-1
-1
-1
-1
-1
-1
-1
-1
-1
-1
-1
-1
-1
-1
-1
-1
-1
-1
-1
-1
-1
-1
-1
-1
-1
-1
-1
-1
-1
-1
-1
-1
-1
-1
-1
-1
-1
-1
-1
-1
-1
-1
-1
-1
-1
-1
-1
-1
-1
-1
-1
-1
-1
-1
-1
-1
-1
-1
-1
-1
-1
-1
-1
-1
-1
-1
-1
-1
-1
-1
-1
-1
-1
-1
-1
-1
-1
-1
-1
-1
