0 10 33
2 11 33
2 12 33
2 13 33
2 14 33
2 15 33
2 16 33
2 17 33
2 18 33
2 19 33
2 20 33
2 21 33
2 22 33
2 23 33
2 24 33
2 25 33
2 26 33
2 27 33
2 28 33
2 29 33
2 30 33
2 31 33
2 32 33
2 33 33
2 34 33
2 35 33
2 36 33
2 37 33
4 38 33
1 38 32
1 38 31
1 38 30
1 38 29
1 38 28
1 38 27
1 38 26
1 38 25
1 38 24
1 38 23
1 38 22
1 38 21
1 38 20
1 38 19
1 38 18
1 38 17
1 38 16
1 38 15
1 38 14
1 38 13
1 38 12
1 38 11
1 38 10
1 38 9
1 38 8
1 38 7
1 38 6
1 38 5
1 38 4
1 38 3
0 38 2
1 10 34
1 10 35
1 10 36
1 10 37
1 10 38
3 10 39
2 11 39
2 12 39
2 13 39
2 14 39
2 15 39
2 16 39
2 17 39
2 18 39
2 19 39
2 20 39
-1
-1
-1
-1
-1
-1
-1
0 21 39
3 21 40
2 22 40
2 23 40
2 24 40
2 25 40
2 26 40
2 27 40
2 28 40
2 29 40
2 30 40
2 31 40
2 32 40
2 33 40
2 34 40
2 35 40
2 36 40
2 37 40
2 38 40
-1
-1
-1
-1
-1
-1
-1
-1
-1
-1
-1
-1
-1
-1
-1
-1
-1
0 39 40
5 39 39
2 38 39
2 37 39
2 36 39
2 35 39
2 34 39
2 33 39
3 32 39
-1
-1
-1
-1
-1
-1
-1
-1
-1
-1
-1
-1
-1
-1
0 32 38
6 10 32
2 11 32
2 12 32
2 13 32
2 14 32
2 15 32
2 16 32
2 17 32
2 18 32
2 19 32
2 20 32
2 21 32
4 22 32
1 22 31
1 22 30
1 22 29
1 22 28
1 22 27
1 22 26
1 22 25
1 22 24
1 22 23
1 22 22
1 22 21
1 22 20
1 22 19
1 22 18
0 22 17
5 23 17
1 23 18
1 23 19
1 23 20
1 23 21
1 23 22
3 23 23
2 24 23
2 25 23
2 26 23
2 27 23
2 28 23
2 29 23
2 30 23
2 31 23
2 32 23
0 33 23
1 33 24
1 33 25
1 33 26
3 33 27
2 34 27
2 35 27
0 36 27
4 39 41
2 38 41
2 37 41
2 36 41
2 35 41
6 34 41
1 34 42
1 34 43
-1
0 34 44
6 22 16
2 23 16
5 24 16
3 24 17
2 25 17
2 26 17
-1
-1
0 27 17
2 37 2
2 36 2
2 35 2
2 34 2
2 33 2
2 32 2
2 31 2
2 30 2
2 29 2
2 28 2
2 27 2
2 26 2
2 25 2
2 24 2
3 23 2
0 23 1
2 9 33
2 8 33
3 7 33
1 7 32
0 7 31
5 39 2
1 39 3
1 39 4
1 39 5
1 39 6
1 39 7
1 39 8
1 39 9
1 39 10
1 39 11
1 39 12
1 39 13
1 39 14
1 39 15
1 39 16
1 39 17
1 39 18
1 39 19
0 39 20
4 36 28
2 35 28
2 34 28
2 33 28
2 32 28
2 31 28
2 30 28
2 29 28
2 28 28
2 27 28
2 26 28
2 25 28
6 24 28
1 24 29
1 24 30
0 24 31
6 6 31
1 6 32
1 6 33
1 6 34
1 6 35
3 6 36
2 7 36
0 8 36
2 22 1
2 21 1
6 20 1
1 20 2
0 20 3
5 37 27
1 37 28
4 37 29
2 36 29
2 35 29
2 34 29
2 33 29
2 32 29
0 31 29
2 8 31
4 9 31
1 9 30
1 9 29
1 9 28
1 9 27
0 9 26
2 24 1
2 25 1
2 26 1
2 27 1
2 28 1
0 29 1
3 20 4
2 21 4
2 22 4
2 23 4
2 24 4
2 25 4
2 26 4
2 27 4
2 28 4
2 29 4
2 30 4
2 31 4
2 32 4
2 33 4
2 34 4
0 35 4
2 21 17
2 20 17
3 19 17
1 19 16
1 19 15
0 19 14
5 21 38
2 20 38
2 19 38
2 18 38
3 17 38
1 17 37
0 17 36
4 35 5
6 34 5
0 34 6
1 34 7
1 34 8
1 34 9
1 34 10
1 34 11
0 34 12
2 18 36
2 19 36
2 20 36
4 21 36
1 21 35
0 21 34
1 8 37
1 8 38
1 8 39
1 8 40
1 8 41
3 8 42
2 9 42
2 10 42
0 11 42
4 27 18
2 26 18
6 25 18
1 25 19
1 25 20
0 25 21
5 10 26
1 10 27
1 10 28
1 10 29
3 10 30
0 11 30
2 31 38
2 30 38
2 29 38
3 28 38
0 28 37
1 39 21
3 39 22
2 40 22
2 41 22
0 42 22
2 19 3
2 18 3
2 17 3
2 16 3
2 15 3
2 14 3
6 13 3
1 13 4
1 13 5
0 13 6
-1
-1
-1
-1
-1
-1
-1
-1
-1
-1
-1
-1
-1
-1
-1
-1
-1
-1
-1
-1
-1
-1
-1
-1
-1
-1
-1
-1
-1
-1
-1
-1
-1
-1
-1
-1
-1
-1
-1
-1
-1
-1
-1
-1
-1
-1
-1
-1
-1
-1
-1
-1
-1
-1
-1
-1
-1
-1
-1
-1
-1
-1
-1
-1
-1
-1
-1
-1
-1
-1
-1
-1
-1
-1
-1
-1
-1
-1
-1
-1
-1
-1
-1
-1
-1
-1
-1
-1
-1
-1
-1
-1
-1
-1
-1
-1
-1
-1
-1
-1
-1
-1
-1
-1
-1
-1
-1
-1
-1
-1
-1
-1
-1
-1
-1
-1
-1
-1
-1
-1
-1
-1
-1
-1
-1
-1
-1
-1
-1
-1
-1
-1
-1
-1
-1
-1
-1
-1
-1
-1
-1
-1
-1
-1
-1
-1
-1
-1
-1
-1
-1
-1
-1
-1
-1
-1
-1
-1
-1
-1
-1
-1
-1
-1
-1
-1
-1
-1
-1
-1
-1
-1
-1
-1
-1
-1
-1
-1
-1
-1
-1
-1
-1
-1
-1
-1
-1
-1
-1
-1
-1
-1
-1
-1
-1
-1
-1
-1
-1
-1
-1
-1
-1
-1
-1
-1
-1
-1
-1
-1
-1
-1
-1
-1
-1
-1
-1
-1
-1
-1
-1
-1
-1
-1
-1
-1
-1
-1
-1
-1
-1
-1
-1
-1
-1
-1
-1
-1
-1
-1
-1
-1
-1
-1
-1
-1
-1
-1
-1
-1
-1
-1
-1
-1
-1
-1
-1
-1
-1
-1
-1
-1
-1
-1
-1
-1
-1
-1
-1
-1
-1
-1
-1
-1
-1
-1
-1
-1
-1
-1
-1
-1
-1
-1
-1
-1
-1
-1
-1
-1
-1
-1
-1
-1
-1
-1
-1
-1
-1
-1
-1
-1
-1
-1
-1
-1
-1
-1
-1
-1
-1
-1
-1
-1
-1
-1
-1
-1
-1
-1
-1
-1
-1
-1
-1
-1
-1
-1
-1
-1
-1
-1
-1
-1
-1
-1
-1
-1
-1
-1
-1
-1
-1
-1
-1
-1
-1
-1
-1
-1
-1
-1
-1
-1
-1
-1
-1
-1
-1
-1
-1
-1
-1
-1
-1
-1
-1
-1
-1
-1
-1
-1
-1
-1
-1
-1
-1
-1
-1
-1
-1
-1
-1
-1
-1
-1
-1
-1
-1
-1
-1
-1
-1
-1
-1
-1
-1
-1
-1
-1
-1
-1
-1
-1
-1
-1
-1
-1
-1
-1
