0 21 43
2 22 43
2 23 43
2 24 43
2 25 43
2 26 43
2 27 43
2 28 43
2 29 43
2 30 43
2 31 43
2 32 43
2 33 43
2 34 43
2 35 43
2 36 43
2 37 43
2 38 43
2 39 43
2 40 43
2 41 43
2 42 43
4 43 43
1 43 42
1 43 41
1 43 40
1 43 39
1 43 38
1 43 37
1 43 36
1 43 35
1 43 34
1 43 33
1 43 32
1 43 31
1 43 30
1 43 29
1 43 28
1 43 27
1 43 26
1 43 25
1 43 24
1 43 23
1 43 22
1 43 21
1 43 20
1 43 19
1 43 18
1 43 17
1 43 16
1 43 15
1 43 14
1 43 13
0 43 12
-1
-1
-1
-1
-1
-1
-1
-1
-1
-1
-1
-1
-1
-1
0 19 45
4 20 45
1 20 44
1 20 43
6 20 42
2 21 42
2 22 42
2 23 42
2 24 42
2 25 42
2 26 42
2 27 42
2 28 42
2 29 42
2 30 42
2 31 42
2 32 42
2 33 42
2 34 42
2 35 42
2 36 42
2 37 42
2 38 42
4 39 42
1 39 41
1 39 40
1 39 39
1 39 38
1 39 37
1 39 36
1 39 35
1 39 34
1 39 33
1 39 32
1 39 31
1 39 30
1 39 29
1 39 28
1 39 27
1 39 26
1 39 25
1 39 24
1 39 23
1 39 22
1 39 21
1 39 20
1 39 19
1 39 18
1 39 17
1 39 16
-1
-1
-1
-1
-1
-1
-1
-1
-1
-1
-1
-1
-1
-1
-1
-1
-1
-1
-1
-1
-1
-1
-1
-1
-1
-1
-1
-1
-1
-1
-1
-1
-1
-1
-1
-1
-1
-1
-1
-1
0 39 15
1 21 44
1 21 45
-1
-1
-1
-1
-1
-1
-1
-1
-1
-1
-1
-1
-1
-1
-1
-1
-1
-1
-1
-1
-1
-1
-1
-1
-1
-1
-1
-1
-1
-1
0 21 46
5 40 15
3 40 16
2 41 16
-1
-1
-1
-1
-1
-1
-1
-1
-1
-1
-1
-1
-1
-1
-1
-1
-1
-1
-1
-1
-1
-1
-1
-1
-1
-1
-1
-1
-1
0 42 16
-1
-1
-1
-1
-1
-1
-1
-1
-1
-1
-1
-1
-1
-1
-1
-1
-1
-1
-1
-1
-1
-1
-1
-1
-1
-1
-1
-1
-1
-1
0 21 47
2 38 15
2 37 15
2 36 15
6 35 15
1 35 16
1 35 17
1 35 18
-1
-1
-1
-1
-1
-1
-1
-1
-1
-1
-1
-1
-1
-1
-1
-1
-1
-1
-1
-1
-1
-1
-1
-1
-1
-1
-1
-1
0 35 19
2 36 19
4 37 19
1 37 18
-1
-1
-1
-1
-1
-1
-1
-1
-1
-1
-1
-1
-1
-1
-1
-1
-1
-1
-1
-1
-1
-1
-1
-1
-1
-1
-1
-1
-1
0 37 17
1 19 44
1 19 43
1 19 42
6 19 41
2 20 41
2 21 41
2 22 41
2 23 41
2 24 41
2 25 41
2 26 41
2 27 41
4 28 41
1 28 40
1 28 39
1 28 38
-1
-1
-1
-1
-1
-1
-1
-1
-1
-1
-1
-1
-1
-1
-1
-1
-1
-1
-1
-1
-1
-1
-1
-1
0 28 37
6 36 17
-1
-1
-1
-1
-1
-1
-1
-1
-1
-1
-1
-1
-1
-1
-1
-1
-1
-1
-1
-1
-1
0 36 18
3 35 20
-1
-1
-1
-1
-1
-1
-1
-1
-1
-1
-1
-1
-1
-1
-1
-1
-1
-1
-1
-1
-1
0 36 20
3 36 21
-1
-1
-1
-1
-1
-1
-1
-1
-1
-1
-1
-1
-1
-1
-1
-1
-1
-1
-1
-1
-1
0 37 21
5 39 14
3 38 14
1 38 13
1 38 12
-1
-1
-1
-1
-1
-1
-1
-1
-1
-1
-1
-1
-1
-1
-1
-1
-1
-1
-1
-1
0 38 11
4 29 37
1 29 36
1 29 35
1 29 34
1 29 33
1 29 32
-1
-1
-1
-1
-1
-1
-1
-1
-1
-1
-1
-1
-1
-1
-1
0 29 31
5 30 31
1 30 32
1 30 33
1 30 34
3 30 35
2 31 35
2 32 35
2 33 35
2 34 35
-1
-1
-1
-1
-1
-1
-1
-1
-1
0 35 35
2 37 11
3 36 11
1 36 10
1 36 9
1 36 8
1 36 7
1 36 6
1 36 5
1 36 4
1 36 3
1 36 2
-1
-1
-1
-1
-1
0 36 1
2 28 31
2 27 31
2 26 31
2 25 31
2 24 31
2 23 31
2 22 31
-1
-1
-1
-1
-1
-1
-1
0 21 31
2 20 31
2 19 31
2 18 31
2 17 31
2 16 31
2 15 31
2 14 31
3 13 31
1 13 30
1 13 29
1 13 28
1 13 27
-1
0 13 26
1 42 17
1 42 18
1 42 19
1 42 20
1 42 21
1 42 22
1 42 23
1 42 24
1 42 25
1 42 26
1 42 27
1 42 28
1 42 29
1 42 30
1 42 31
1 42 32
1 42 33
1 42 34
0 42 35
2 18 45
2 17 45
2 16 45
2 15 45
2 14 45
2 13 45
2 12 45
2 11 45
2 10 45
2 9 45
2 8 45
3 7 45
1 7 44
1 7 43
1 7 42
1 7 41
0 7 40
6 29 30
2 30 30
2 31 30
2 32 30
2 33 30
0 34 30
2 12 26
3 11 26
1 11 25
1 11 24
1 11 23
1 11 22
1 11 21
1 11 20
1 11 19
1 11 18
0 11 17
2 34 19
2 33 19
2 32 19
2 31 19
2 30 19
3 29 19
1 29 18
1 29 17
1 29 16
1 29 15
1 29 14
1 29 13
0 29 12
5 21 30
3 20 30
1 20 29
1 20 28
1 20 27
1 20 26
1 20 25
1 20 24
1 20 23
1 20 22
1 20 21
0 20 20
1 37 22
1 37 23
3 37 24
0 38 24
2 41 35
3 40 35
1 40 34
1 40 33
1 40 32
1 40 31
1 40 30
0 40 29
5 30 12
3 30 13
2 31 13
2 32 13
0 33 13
5 8 40
3 8 41
2 9 41
2 10 41
2 11 41
2 12 41
2 13 41
2 14 41
2 15 41
2 16 41
2 17 41
0 18 41
2 22 47
2 23 47
2 24 47
2 25 47
2 26 47
2 27 47
2 28 47
2 29 47
0 30 47
5 34 29
2 33 29
2 32 29
2 31 29
2 30 29
0 29 29
-1
-1
0 28 29
2 21 20
2 22 20
2 23 20
2 24 20
2 25 20
2 26 20
2 27 20
0 28 20
2 6 40
2 5 40
2 4 40
2 3 40
2 2 40
3 1 40
1 1 39
1 1 38
1 1 37
1 1 36
1 1 35
1 1 34
1 1 33
1 1 32
1 1 31
1 1 30
0 1 29
2 27 37
2 26 37
6 25 37
1 25 38
0 25 39
-1
-1
-1
-1
-1
-1
-1
-1
-1
-1
-1
-1
-1
-1
-1
-1
-1
-1
-1
-1
-1
-1
-1
-1
-1
-1
-1
-1
-1
-1
-1
-1
-1
-1
-1
-1
-1
-1
-1
-1
-1
-1
-1
-1
-1
-1
-1
-1
-1
-1
-1
-1
-1
-1
-1
-1
-1
-1
-1
-1
-1
-1
-1
-1
-1
-1
-1
-1
-1
-1
-1
-1
-1
-1
-1
-1
-1
-1
-1
-1
-1
-1
-1
-1
-1
-1
-1
-1
-1
-1
-1
-1
-1
-1
-1
-1
-1
-1
