0 15 12
1 15 13
1 15 14
1 15 15
1 15 16
1 15 17
1 15 18
1 15 19
1 15 20
1 15 21
1 15 22
1 15 23
1 15 24
1 15 25
1 15 26
1 15 27
1 15 28
3 15 29
2 16 29
2 17 29
2 18 29
2 19 29
2 20 29
2 21 29
2 22 29
2 23 29
2 24 29
2 25 29
2 26 29
2 27 29
2 28 29
2 29 29
2 30 29
2 31 29
2 32 29
2 33 29
2 34 29
2 35 29
2 36 29
2 37 29
2 38 29
2 39 29
2 40 29
0 41 29
2 14 12
2 13 12
2 12 12
2 11 12
2 10 12
2 9 12
2 8 12
2 7 12
6 6 12
1 6 13
1 6 14
1 6 15
1 6 16
1 6 17
1 6 18
1 6 19
1 6 20
1 6 21
1 6 22
1 6 23
1 6 24
1 6 25
1 6 26
1 6 27
1 6 28
1 6 29
1 6 30
1 6 31
1 6 32
1 6 33
1 6 34
1 6 35
1 6 36
1 6 37
1 6 38
1 6 39
1 6 40
1 6 41
1 6 42
-1
-1
-1
-1
-1
-1
-1
-1
-1
-1
-1
-1
0 6 43
4 41 30
2 40 30
2 39 30
2 38 30
2 37 30
2 36 30
2 35 30
2 34 30
2 33 30
2 32 30
2 31 30
2 30 30
2 29 30
2 28 30
2 27 30
2 26 30
2 25 30
2 24 30
2 23 30
2 22 30
2 21 30
6 20 30
1 20 31
-1
-1
-1
-1
-1
-1
-1
-1
-1
-1
-1
-1
-1
-1
-1
-1
-1
-1
-1
-1
-1
-1
-1
-1
-1
-1
-1
-1
-1
-1
0 20 32
2 42 29
2 43 29
2 44 29
2 45 29
2 46 29
4 47 29
1 47 28
1 47 27
1 47 26
1 47 25
1 47 24
1 47 23
1 47 22
1 47 21
1 47 20
1 47 19
1 47 18
1 47 17
1 47 16
1 47 15
-1
-1
-1
-1
-1
-1
-1
-1
-1
-1
-1
-1
-1
-1
-1
-1
-1
-1
0 47 14
5 15 11
3 14 11
1 14 10
1 14 9
1 14 8
1 14 7
1 14 6
1 14 5
1 14 4
1 14 3
1 14 2
1 14 1
-1
-1
-1
-1
-1
-1
-1
-1
-1
-1
-1
-1
-1
-1
0 14 0
2 21 32
2 22 32
2 23 32
2 24 32
2 25 32
2 26 32
2 27 32
2 28 32
2 29 32
2 30 32
2 31 32
2 32 32
2 33 32
2 34 32
2 35 32
2 36 32
2 37 32
2 38 32
2 39 32
2 40 32
2 41 32
-1
-1
-1
-1
0 42 32
2 19 32
2 18 32
2 17 32
2 16 32
2 15 32
2 14 32
2 13 32
2 12 32
6 11 32
1 11 33
-1
-1
-1
-1
-1
-1
0 11 34
5 41 28
2 40 28
2 39 28
2 38 28
2 37 28
2 36 28
2 35 28
-1
-1
-1
-1
-1
-1
0 34 28
2 13 0
2 12 0
2 11 0
2 10 0
2 9 0
2 8 0
2 7 0
2 6 0
2 5 0
2 4 0
2 3 0
6 2 0
1 2 1
1 2 2
1 2 3
1 2 4
1 2 5
1 2 6
1 2 7
1 2 8
1 2 9
1 2 10
1 2 11
1 2 12
1 2 13
0 2 14
1 2 15
1 2 16
1 2 17
1 2 18
3 2 19
2 3 19
0 4 19
5 15 0
1 15 1
1 15 2
1 15 3
1 15 4
3 15 5
2 16 5
2 17 5
2 18 5
2 19 5
0 20 5
4 42 33
2 41 33
2 40 33
6 39 33
1 39 34
1 39 35
1 39 36
1 39 37
1 39 38
1 39 39
1 39 40
0 39 41
2 46 14
2 45 14
6 44 14
1 44 15
1 44 16
1 44 17
1 44 18
1 44 19
0 44 20
2 33 28
2 32 28
2 31 28
2 30 28
2 29 28
2 28 28
2 27 28
2 26 28
2 25 28
2 24 28
2 23 28
2 22 28
2 21 28
3 20 28
0 20 27
2 7 43
2 8 43
2 9 43
4 10 43
1 10 42
0 10 41
2 45 20
4 46 20
0 46 19
3 10 34
1 10 33
0 10 32
2 38 41
2 37 41
2 36 41
3 35 41
1 35 40
1 35 39
1 35 38
1 35 37
1 35 36
1 35 35
1 35 34
0 35 33
6 10 31
2 11 31
4 12 31
1 12 30
1 12 29
1 12 28
1 12 27
1 12 26
0 12 25
5 16 12
1 16 13
1 16 14
1 16 15
1 16 16
3 16 17
2 17 17
2 18 17
2 19 17
2 20 17
2 21 17
2 22 17
2 23 17
2 24 17
2 25 17
0 26 17
1 20 33
1 20 34
3 20 35
2 21 35
2 22 35
2 23 35
2 24 35
2 25 35
0 26 35
1 26 18
3 26 19
2 27 19
2 28 19
2 29 19
0 30 19
4 4 20
2 3 20
2 2 20
2 1 20
6 0 20
1 0 21
1 0 22
1 0 23
1 0 24
1 0 25
1 0 26
1 0 27
1 0 28
0 0 29
2 19 27
2 18 27
3 17 27
1 17 26
0 17 25
1 26 36
1 26 37
1 26 38
1 26 39
1 26 40
1 26 41
3 26 42
2 27 42
2 28 42
0 29 42
3 39 42
2 40 42
2 41 42
2 42 42
2 43 42
0 44 42
2 21 27
2 22 27
2 23 27
2 24 27
2 25 27
2 26 27
4 27 27
0 27 26
2 45 42
2 46 42
4 47 42
1 47 41
1 47 40
1 47 39
0 47 38
2 3 14
4 4 14
1 4 13
1 4 12
1 4 11
1 4 10
1 4 9
1 4 8
1 4 7
1 4 6
1 4 5
1 4 4
1 4 3
0 4 2
1 44 21
1 44 22
1 44 23
1 44 24
1 44 25
1 44 26
1 44 27
3 44 28
0 45 28
5 27 35
0 27 36
5 47 13
2 46 13
2 45 13
2 44 13
2 43 13
2 42 13
2 41 13
2 40 13
2 39 13
3 38 13
1 38 12
1 38 11
1 38 10
1 38 9
1 38 8
1 38 7
1 38 6
0 38 5
5 11 41
3 11 42
2 12 42
2 13 42
0 14 42
1 14 41
1 14 40
1 14 39
1 14 38
0 14 37
2 15 37
2 16 37
2 17 37
2 18 37
2 19 37
2 20 37
2 21 37
0 22 37
2 37 5
2 36 5
2 35 5
2 34 5
2 33 5
2 32 5
6 31 5
1 31 6
1 31 7
0 31 8
4 20 6
6 19 6
1 19 7
1 19 8
1 19 9
0 19 10
5 42 31
2 41 31
2 40 31
2 39 31
2 38 31
0 37 31
3 5 43
1 5 42
1 5 41
1 5 40
1 5 39
0 5 38
4 30 20
2 29 20
2 28 20
2 27 20
2 26 20
2 25 20
2 24 20
3 23 20
1 23 19
0 23 18
5 39 5
1 39 6
1 39 7
3 39 8
2 40 8
2 41 8
0 42 8
1 20 26
1 20 25
1 20 24
0 20 23
-1
-1
-1
-1
-1
-1
-1
-1
-1
-1
-1
-1
-1
-1
-1
-1
-1
-1
-1
-1
-1
-1
-1
-1
-1
-1
-1
-1
-1
-1
-1
-1
-1
-1
-1
-1
-1
-1
-1
-1
-1
-1
-1
-1
-1
-1
-1
-1
-1
-1
-1
-1
-1
-1
-1
-1
-1
-1
-1
-1
-1
-1
-1
-1
-1
-1
-1
-1
-1
-1
-1
-1
-1
-1
-1
-1
-1
-1
-1
-1
-1
-1
-1
-1
-1
-1
-1
-1
-1
-1
-1
-1
-1
-1
-1
-1
-1
-1
-1
-1
-1
-1
-1
-1
-1
-1
-1
-1
-1
-1
-1
-1
-1
-1
-1
-1
-1
-1
-1
-1
-1
-1
-1
-1
-1
-1
-1
-1
-1
-1
-1
-1
-1
-1
-1
-1
-1
-1
-1
-1
-1
-1
-1
-1
-1
-1
-1
-1
-1
-1
-1
-1
-1
-1
-1
-1
-1
-1
-1
-1
-1
-1
-1
-1
-1
-1
-1
-1
-1
-1
-1
-1
-1
-1
-1
-1
-1
-1
-1
-1
-1
-1
-1
-1
-1
-1
-1
-1
-1
-1
-1
-1
-1
-1
-1
-1
-1
-1
-1
-1
-1
-1
-1
-1
-1
-1
-1
-1
-1
-1
-1
-1
-1
-1
-1
-1
-1
-1
-1
-1
-1
-1
-1
