0 13 16
1 13 17
1 13 18
1 13 19
1 13 20
1 13 21
1 13 22
1 13 23
1 13 24
1 13 25
1 13 26
1 13 27
1 13 28
1 13 29
1 13 30
1 13 31
1 13 32
1 13 33
1 13 34
1 13 35
1 13 36
1 13 37
1 13 38
1 13 39
1 13 40
1 13 41
1 13 42
1 13 43
3 13 44
2 14 44
2 15 44
2 16 44
2 17 44
2 18 44
2 19 44
2 20 44
2 21 44
2 22 44
2 23 44
2 24 44
2 25 44
2 26 44
2 27 44
2 28 44
2 29 44
2 30 44
2 31 44
2 32 44
2 33 44
2 34 44
2 35 44
2 36 44
2 37 44
0 38 44
2 14 16
2 15 16
2 16 16
2 17 16
2 18 16
2 19 16
2 20 16
2 21 16
2 22 16
2 23 16
2 24 16
2 25 16
2 26 16
2 27 16
2 28 16
-1
2 29 16
-1
2 30 16
2 31 16
-1
2 32 16
-1
2 33 16
-1
2 34 16
-1
2 35 16
-1
2 36 16
-1
2 37 16
-1
2 38 16
-1
2 39 16
2 40 16
-1
2 41 16
-1
2 42 16
-1
2 43 16
-1
2 44 16
-1
2 45 16
-1
2 46 16
-1
4 47 16
-1
1 47 15
1 47 14
-1
-1
-1
-1
-1
-1
-1
-1
-1
-1
-1
-1
-1
-1
-1
-1
-1
-1
-1
-1
-1
-1
-1
-1
-1
-1
-1
-1
-1
-1
-1
-1
-1
-1
-1
-1
-1
-1
-1
-1
-1
-1
-1
-1
-1
-1
-1
-1
-1
-1
-1
-1
-1
-1
-1
-1
-1
-1
-1
-1
-1
-1
-1
-1
-1
-1
-1
-1
-1
-1
-1
-1
-1
-1
-1
-1
-1
-1
-1
-1
-1
-1
-1
-1
-1
-1
-1
-1
-1
-1
-1
-1
-1
-1
0 47 13
2 39 44
2 40 44
-1
4 41 44
1 41 43
1 41 42
1 41 41
1 41 40
1 41 39
-1
-1
-1
-1
-1
-1
-1
-1
-1
-1
-1
-1
-1
-1
-1
-1
-1
-1
-1
-1
-1
-1
-1
-1
-1
-1
-1
-1
-1
-1
-1
-1
-1
-1
-1
-1
-1
-1
-1
-1
-1
-1
-1
-1
-1
-1
-1
-1
-1
-1
-1
-1
-1
-1
-1
-1
-1
0 41 38
2 42 38
4 43 38
1 43 37
1 43 36
1 43 35
1 43 34
-1
-1
-1
-1
-1
-1
-1
-1
-1
-1
-1
-1
-1
-1
-1
-1
-1
-1
-1
-1
-1
-1
-1
-1
-1
-1
-1
-1
-1
-1
-1
-1
-1
-1
-1
-1
-1
-1
-1
-1
-1
0 43 33
2 46 13
2 45 13
2 44 13
2 43 13
3 42 13
-1
-1
-1
-1
-1
-1
-1
-1
-1
-1
-1
-1
-1
-1
-1
-1
-1
-1
-1
-1
-1
-1
-1
-1
-1
-1
-1
-1
-1
-1
-1
-1
-1
-1
-1
-1
-1
-1
-1
0 42 12
4 38 45
2 37 45
2 36 45
2 35 45
2 34 45
2 33 45
2 32 45
2 31 45
2 30 45
2 29 45
2 28 45
2 27 45
2 26 45
2 25 45
2 24 45
2 23 45
2 22 45
2 21 45
2 20 45
2 19 45
2 18 45
2 17 45
2 16 45
2 15 45
2 14 45
2 13 45
2 12 45
2 11 45
2 10 45
2 9 45
2 8 45
2 7 45
2 6 45
2 5 45
2 4 45
2 3 45
2 2 45
2 1 45
3 0 45
-1
-1
-1
-1
-1
-1
-1
-1
-1
-1
-1
-1
-1
-1
-1
-1
-1
-1
-1
-1
-1
0 0 44
5 48 13
1 48 14
1 48 15
1 48 16
4 48 17
2 47 17
2 46 17
2 45 17
2 44 17
6 43 17
-1
-1
-1
-1
-1
-1
-1
-1
-1
-1
-1
-1
-1
-1
-1
-1
-1
0 43 18
5 44 33
1 44 34
1 44 35
1 44 36
1 44 37
1 44 38
4 44 39
2 43 39
6 42 39
1 42 40
1 42 41
1 42 42
1 42 43
1 42 44
4 42 45
2 41 45
2 40 45
6 39 45
4 39 46
2 38 46
2 37 46
2 36 46
2 35 46
2 34 46
2 33 46
2 32 46
2 31 46
2 30 46
2 29 46
2 28 46
2 27 46
2 26 46
2 25 46
2 24 46
2 23 46
2 22 46
2 21 46
2 20 46
2 19 46
2 18 46
2 17 46
2 16 46
2 15 46
2 14 46
2 13 46
2 12 46
2 11 46
6 10 46
0 10 47
2 42 18
2 41 18
2 40 18
2 39 18
6 38 18
-1
-1
-1
-1
-1
-1
-1
-1
0 38 19
6 13 15
2 14 15
2 15 15
2 16 15
2 17 15
2 18 15
2 19 15
2 20 15
2 21 15
4 22 15
1 22 14
1 22 13
1 22 12
1 22 11
1 22 10
1 22 9
1 22 8
-1
-1
-1
-1
0 22 7
-1
-1
-1
-1
-1
-1
-1
-1
-1
-1
-1
-1
-1
-1
-1
-1
-1
-1
-1
-1
-1
-1
-1
-1
-1
-1
-1
-1
-1
-1
-1
-1
-1
-1
-1
-1
-1
-1
-1
-1
-1
-1
-1
-1
-1
-1
-1
-1
-1
-1
-1
-1
-1
-1
-1
-1
-1
-1
-1
-1
-1
-1
-1
-1
-1
-1
-1
-1
-1
-1
-1
-1
-1
-1
-1
-1
-1
-1
-1
-1
-1
-1
-1
-1
-1
-1
-1
-1
-1
-1
-1
-1
-1
-1
-1
-1
-1
-1
-1
-1
-1
-1
-1
-1
-1
-1
-1
-1
-1
-1
-1
-1
-1
-1
-1
-1
-1
-1
-1
-1
-1
-1
-1
-1
-1
-1
-1
-1
-1
-1
-1
-1
-1
-1
-1
-1
-1
-1
-1
-1
-1
-1
-1
-1
-1
-1
-1
-1
-1
-1
-1
-1
-1
-1
-1
-1
-1
-1
-1
-1
-1
-1
-1
-1
-1
-1
-1
-1
-1
-1
-1
-1
-1
-1
-1
-1
-1
-1
-1
-1
-1
-1
-1
-1
-1
-1
-1
-1
-1
-1
-1
-1
-1
-1
-1
-1
-1
-1
-1
-1
-1
-1
-1
-1
-1
-1
-1
-1
-1
-1
-1
-1
-1
-1
-1
-1
-1
-1
-1
-1
-1
-1
-1
-1
-1
-1
-1
-1
-1
-1
-1
-1
-1
-1
-1
-1
-1
-1
-1
-1
-1
-1
-1
-1
-1
-1
-1
-1
-1
-1
-1
-1
-1
-1
-1
-1
-1
-1
-1
-1
-1
-1
-1
