0 31 29
1 31 30
1 31 31
1 31 32
1 31 33
1 31 34
1 31 35
1 31 36
1 31 37
1 31 38
1 31 39
1 31 40
1 31 41
1 31 42
1 31 43
1 31 44
1 31 45
1 31 46
3 31 47
2 32 47
2 33 47
2 34 47
2 35 47
2 36 47
2 37 47
2 38 47
2 39 47
2 40 47
2 41 47
2 42 47
0 43 47
2 30 29
2 29 29
2 28 29
2 27 29
2 26 29
2 25 29
2 24 29
2 23 29
2 22 29
2 21 29
2 20 29
2 19 29
2 18 29
6 17 29
1 17 30
1 17 31
1 17 32
1 17 33
1 17 34
1 17 35
1 17 36
1 17 37
-1
-1
-1
-1
-1
-1
-1
-1
-1
-1
-1
-1
-1
-1
-1
-1
-1
-1
-1
0 17 38
2 18 38
2 19 38
2 20 38
2 21 38
2 22 38
2 23 38
2 24 38
2 25 38
2 26 38
2 27 38
2 28 38
4 29 38
1 29 37
1 29 36
1 29 35
1 29 34
-1
-1
-1
-1
-1
-1
-1
-1
-1
-1
-1
-1
-1
-1
-1
-1
-1
-1
-1
-1
-1
-1
-1
-1
-1
0 29 33
2 16 38
2 15 38
2 14 38
2 13 38
2 12 38
2 11 38
2 10 38
2 9 38
2 8 38
2 7 38
2 6 38
2 5 38
2 4 38
3 3 38
1 3 37
1 3 36
1 3 35
1 3 34
1 3 33
1 3 32
1 3 31
1 3 30
1 3 29
1 3 28
1 3 27
1 3 26
-1
-1
-1
-1
-1
-1
-1
0 3 25
2 32 29
2 33 29
2 34 29
2 35 29
2 36 29
2 37 29
4 38 29
1 38 28
1 38 27
1 38 26
1 38 25
1 38 24
1 38 23
-1
-1
-1
-1
-1
-1
-1
-1
-1
0 38 22
5 39 22
1 39 23
1 39 24
1 39 25
1 39 26
1 39 27
1 39 28
1 39 29
4 39 30
2 38 30
2 37 30
2 36 30
2 35 30
2 34 30
2 33 30
6 32 30
1 32 31
1 32 32
1 32 33
0 32 34
4 44 47
1 44 46
1 44 45
1 44 44
1 44 43
1 44 42
1 44 41
-1
-1
-1
-1
-1
-1
0 44 40
2 28 33
2 27 33
2 26 33
2 25 33
2 24 33
2 23 33
2 22 33
2 21 33
2 20 33
3 19 33
-1
-1
-1
0 19 32
6 31 28
2 32 28
2 33 28
2 34 28
4 35 28
1 35 27
-1
-1
-1
0 35 26
2 34 26
2 33 26
2 32 26
2 31 26
2 30 26
2 29 26
2 28 26
2 27 26
2 26 26
3 25 26
1 25 25
1 25 24
0 25 23
2 33 34
2 34 34
2 35 34
2 36 34
2 37 34
2 38 34
0 39 34
4 26 23
1 26 22
1 26 21
1 26 20
1 26 19
-1
0 26 18
1 17 39
1 17 40
3 17 41
2 18 41
2 19 41
2 20 41
0 21 41
5 45 40
3 45 41
-1
-1
-1
-1
0 46 41
2 24 23
2 23 23
2 22 23
2 21 23
2 20 23
6 19 23
1 19 24
0 19 25
3 18 25
1 18 24
1 18 23
1 18 22
0 18 21
6 38 21
2 39 21
4 40 21
1 40 20
1 40 19
1 40 18
1 40 17
1 40 16
1 40 15
1 40 14
1 40 13
0 40 12
5 35 25
2 34 25
3 33 25
1 33 24
0 33 23
2 40 34
2 41 34
4 42 34
1 42 33
1 42 32
1 42 31
1 42 30
1 42 29
1 42 28
1 42 27
1 42 26
0 42 25
3 43 48
2 44 48
4 45 48
0 45 47
2 39 12
2 38 12
2 37 12
2 36 12
3 35 12
0 35 11
6 18 32
1 18 33
1 18 34
1 18 35
1 18 36
3 18 37
2 19 37
2 20 37
2 21 37
2 22 37
0 23 37
4 21 42
2 20 42
2 19 42
2 18 42
2 17 42
2 16 42
2 15 42
2 14 42
2 13 42
2 12 42
3 11 42
1 11 41
0 11 40
2 27 18
2 28 18
2 29 18
4 30 18
1 30 17
1 30 16
1 30 15
0 30 14
2 22 41
2 23 41
2 24 41
2 25 41
4 26 41
0 26 40
-1
-1
-1
-1
-1
-1
-1
-1
-1
-1
-1
-1
-1
-1
-1
-1
-1
-1
-1
-1
-1
-1
-1
-1
-1
-1
-1
-1
-1
-1
-1
-1
-1
-1
-1
-1
-1
-1
-1
-1
-1
-1
-1
-1
-1
-1
-1
-1
-1
-1
-1
-1
-1
-1
-1
-1
-1
-1
-1
-1
-1
-1
-1
-1
-1
-1
-1
-1
-1
-1
-1
-1
-1
-1
-1
-1
-1
-1
-1
-1
-1
-1
-1
-1
-1
-1
-1
-1
-1
-1
-1
-1
-1
-1
-1
-1
-1
-1
-1
-1
-1
-1
-1
-1
-1
-1
-1
-1
-1
-1
-1
-1
-1
-1
-1
-1
-1
-1
-1
-1
-1
-1
-1
-1
-1
-1
-1
-1
-1
-1
-1
-1
-1
-1
-1
-1
-1
-1
-1
-1
-1
-1
-1
-1
-1
-1
-1
-1
-1
-1
-1
-1
-1
-1
-1
-1
-1
-1
-1
-1
-1
-1
-1
-1
-1
-1
-1
-1
-1
-1
-1
-1
-1
-1
-1
-1
-1
-1
-1
-1
-1
-1
-1
-1
-1
-1
-1
-1
-1
-1
-1
-1
-1
-1
-1
-1
-1
-1
-1
-1
-1
-1
-1
-1
-1
-1
-1
-1
-1
-1
-1
-1
-1
-1
-1
-1
-1
-1
-1
-1
-1
-1
-1
-1
-1
-1
-1
-1
-1
-1
-1
-1
-1
-1
-1
-1
-1
-1
-1
-1
-1
-1
-1
-1
-1
-1
-1
-1
-1
-1
-1
-1
-1
-1
-1
-1
-1
-1
-1
-1
-1
-1
-1
-1
-1
-1
-1
-1
-1
-1
-1
-1
-1
-1
-1
-1
-1
-1
-1
-1
-1
-1
-1
-1
-1
-1
-1
-1
-1
-1
-1
-1
-1
-1
-1
-1
-1
-1
-1
-1
-1
-1
-1
-1
-1
-1
-1
-1
-1
-1
-1
-1
-1
-1
-1
-1
-1
-1
-1
-1
-1
-1
-1
-1
-1
-1
-1
-1
-1
-1
-1
-1
-1
-1
-1
-1
-1
-1
-1
-1
-1
-1
-1
-1
-1
-1
-1
-1
-1
-1
-1
-1
-1
-1
-1
-1
-1
-1
-1
-1
-1
-1
-1
-1
-1
-1
-1
-1
-1
-1
-1
-1
-1
-1
-1
-1
-1
-1
-1
-1
-1
-1
-1
-1
-1
-1
-1
-1
-1
-1
-1
-1
-1
-1
-1
-1
-1
-1
-1
-1
-1
-1
-1
-1
-1
-1
-1
-1
-1
-1
-1
-1
-1
-1
-1
-1
-1
-1
-1
-1
-1
-1
-1
-1
-1
-1
-1
-1
-1
-1
-1
-1
-1
-1
-1
-1
-1
-1
-1
