0 10 15
1 10 16
1 10 17
1 10 18
1 10 19
1 10 20
1 10 21
1 10 22
1 10 23
1 10 24
1 10 25
1 10 26
1 10 27
1 10 28
1 10 29
1 10 30
1 10 31
1 10 32
1 10 33
1 10 34
3 10 35
2 11 35
2 12 35
2 13 35
2 14 35
2 15 35
2 16 35
2 17 35
2 18 35
2 19 35
2 20 35
2 21 35
2 22 35
2 23 35
0 24 35
2 25 35
2 26 35
2 27 35
2 28 35
2 29 35
2 30 35
2 31 35
4 32 35
-1
-1
-1
-1
-1
-1
-1
-1
-1
-1
-1
-1
-1
-1
-1
-1
-1
-1
-1
-1
-1
-1
-1
-1
-1
-1
-1
-1
0 32 34
2 11 15
2 12 15
2 13 15
2 14 15
2 15 15
2 16 15
2 17 15
2 18 15
2 19 15
2 20 15
2 21 15
2 22 15
2 23 15
2 24 15
2 25 15
2 26 15
2 27 15
2 28 15
4 29 15
1 29 14
1 29 13
1 29 12
1 29 11
1 29 10
1 29 9
1 29 8
1 29 7
1 29 6
1 29 5
1 29 4
1 29 3
0 29 2
1 24 36
1 24 37
1 24 38
1 24 39
3 24 40
2 25 40
2 26 40
2 27 40
2 28 40
-1
-1
0 29 40
2 9 15
2 8 15
2 7 15
3 6 15
1 6 14
1 6 13
1 6 12
1 6 11
1 6 10
-1
0 6 9
2 30 2
2 31 2
2 32 2
2 33 2
2 34 2
2 35 2
2 36 2
2 37 2
2 38 2
2 39 2
4 40 2
0 40 1
2 5 9
2 4 9
6 3 9
1 3 10
1 3 11
1 3 12
1 3 13
1 3 14
1 3 15
1 3 16
1 3 17
1 3 18
1 3 19
1 3 20
1 3 21
0 3 22
5 24 34
2 23 34
3 22 34
1 22 33
1 22 32
1 22 31
1 22 30
0 22 29
5 41 1
1 41 2
1 41 3
1 41 4
1 41 5
1 41 6
1 41 7
3 41 8
2 42 8
2 43 8
2 44 8
0 45 8
2 31 34
3 30 34
1 30 33
1 30 32
1 30 31
1 30 30
0 30 29
4 45 9
2 44 9
2 43 9
2 42 9
2 41 9
2 40 9
2 39 9
2 38 9
2 37 9
2 36 9
2 35 9
2 34 9
2 33 9
3 32 9
0 32 8
5 33 34
1 33 35
1 33 36
3 33 37
2 34 37
0 35 37
2 33 8
2 34 8
2 35 8
4 36 8
1 36 7
1 36 6
1 36 5
1 36 4
0 36 3
4 29 41
2 28 41
2 27 41
2 26 41
2 25 41
2 24 41
2 23 41
2 22 41
2 21 41
2 20 41
2 19 41
2 18 41
2 17 41
2 16 41
2 15 41
2 14 41
3 13 41
1 13 40
1 13 39
0 13 38
2 7 9
2 8 9
2 9 9
2 10 9
2 11 9
2 12 9
2 13 9
4 14 9
1 14 8
1 14 7
1 14 6
1 14 5
0 14 4
4 30 40
1 30 39
1 30 38
0 30 37
6 31 8
1 31 9
1 31 10
1 31 11
1 31 12
1 31 13
1 31 14
3 31 15
2 32 15
2 33 15
0 34 15
5 15 4
1 15 5
1 15 6
1 15 7
3 15 8
2 16 8
0 17 8
5 23 29
1 23 30
1 23 31
1 23 32
3 23 33
2 24 33
2 25 33
0 26 33
6 32 33
2 33 33
2 34 33
0 35 33
2 4 22
4 5 22
0 5 21
2 13 4
2 12 4
2 11 4
2 10 4
2 9 4
3 8 4
0 8 3
2 12 38
2 11 38
2 10 38
2 9 38
2 8 38
2 7 38
2 6 38
2 5 38
2 4 38
2 3 38
6 2 38
1 2 39
0 2 40
5 46 8
1 46 9
4 46 10
0 45 10
1 5 20
1 5 19
1 5 18
1 5 17
1 5 16
1 5 15
1 5 14
1 5 13
0 5 12
3 35 38
2 36 38
2 37 38
2 38 38
2 39 38
0 40 38
2 44 10
2 43 10
2 42 10
2 41 10
0 40 10
5 13 37
2 12 37
2 11 37
2 10 37
3 9 37
1 9 36
1 9 35
1 9 34
1 9 33
0 9 32
4 40 39
2 39 39
2 38 39
2 37 39
2 36 39
6 35 39
0 35 40
6 4 12
1 4 13
1 4 14
0 4 15
1 35 32
1 35 31
1 35 30
0 35 29
2 14 38
2 15 38
2 16 38
2 17 38
2 18 38
4 19 38
0 19 37
5 31 37
1 31 38
1 31 39
1 31 40
4 31 41
6 30 41
4 30 42
2 29 42
2 28 42
2 27 42
2 26 42
2 25 42
2 24 42
2 23 42
6 22 42
1 22 43
1 22 44
0 22 45
1 10 14
1 10 13
0 10 12
2 7 3
2 6 3
2 5 3
2 4 3
2 3 3
2 2 3
6 1 3
0 1 4
2 8 32
2 7 32
2 6 32
2 5 32
6 4 32
1 4 33
0 4 34
2 28 2
6 27 2
1 27 3
1 27 4
1 27 5
1 27 6
1 27 7
1 27 8
1 27 9
1 27 10
1 27 11
1 27 12
0 27 13
2 34 40
2 33 40
6 32 40
1 32 41
4 32 42
6 31 42
1 31 43
1 31 44
0 31 45
5 29 1
2 28 1
2 27 1
2 26 1
2 25 1
6 24 1
0 24 2
4 36 29
1 36 28
1 36 27
1 36 26
1 36 25
1 36 24
1 36 23
0 36 22
6 45 7
4 46 7
1 46 6
1 46 5
1 46 4
0 46 3
-1
-1
-1
-1
-1
-1
-1
-1
-1
-1
-1
-1
-1
-1
-1
-1
-1
-1
-1
-1
-1
-1
-1
-1
-1
-1
-1
-1
-1
-1
-1
-1
-1
-1
-1
-1
-1
-1
-1
-1
-1
-1
-1
-1
-1
-1
-1
-1
-1
-1
-1
-1
-1
-1
-1
-1
-1
-1
-1
-1
-1
-1
-1
-1
-1
-1
-1
-1
-1
-1
-1
-1
-1
-1
-1
-1
-1
-1
-1
-1
-1
-1
-1
-1
-1
-1
-1
-1
-1
-1
-1
-1
-1
-1
-1
-1
-1
-1
-1
-1
-1
-1
-1
-1
-1
-1
-1
-1
-1
-1
-1
-1
-1
-1
-1
-1
-1
-1
-1
-1
-1
-1
-1
-1
-1
-1
-1
-1
-1
-1
-1
-1
-1
-1
-1
-1
-1
-1
-1
-1
-1
-1
-1
-1
-1
-1
-1
-1
-1
-1
-1
-1
-1
-1
-1
-1
-1
-1
-1
-1
-1
-1
-1
-1
-1
-1
-1
-1
-1
-1
-1
-1
-1
-1
-1
-1
-1
-1
-1
-1
-1
-1
-1
-1
-1
-1
-1
-1
-1
-1
-1
-1
-1
-1
-1
-1
-1
-1
-1
-1
-1
-1
-1
-1
-1
-1
-1
-1
-1
-1
-1
-1
-1
-1
-1
-1
-1
-1
-1
-1
-1
-1
-1
-1
-1
-1
-1
-1
-1
-1
-1
-1
-1
-1
-1
-1
-1
-1
-1
-1
-1
-1
-1
-1
-1
-1
-1
-1
-1
-1
-1
-1
-1
-1
-1
-1
-1
-1
-1
-1
-1
-1
-1
-1
-1
-1
-1
-1
-1
-1
-1
-1
-1
-1
-1
-1
-1
-1
-1
-1
-1
-1
-1
-1
-1
-1
-1
-1
-1
-1
-1
-1
-1
-1
-1
-1
-1
-1
-1
-1
-1
-1
-1
-1
-1
-1
-1
-1
-1
-1
-1
-1
-1
-1
-1
-1
-1
-1
-1
-1
-1
-1
-1
-1
-1
-1
-1
-1
-1
-1
-1
-1
-1
-1
-1
-1
-1
-1
-1
-1
-1
-1
-1
-1
-1
-1
-1
-1
-1
-1
-1
-1
-1
-1
-1
-1
-1
-1
-1
-1
-1
-1
-1
