0 2 38
2 3 38
2 4 38
2 5 38
2 6 38
2 7 38
2 8 38
2 9 38
2 10 38
2 11 38
2 12 38
2 13 38
2 14 38
2 15 38
2 16 38
2 17 38
2 18 38
2 19 38
2 20 38
2 21 38
2 22 38
2 23 38
2 24 38
2 25 38
2 26 38
2 27 38
2 28 38
2 29 38
2 30 38
2 31 38
2 32 38
2 33 38
2 34 38
2 35 38
4 36 38
1 36 37
1 36 36
1 36 35
1 36 34
1 36 33
1 36 32
1 36 31
1 36 30
1 36 29
1 36 28
1 36 27
1 36 26
1 36 25
1 36 24
1 36 23
1 36 22
1 36 21
1 36 20
1 36 19
1 36 18
1 36 17
1 36 16
1 36 15
1 36 14
1 36 13
1 36 12
1 36 11
1 36 10
1 36 9
1 36 8
1 36 7
1 36 6
1 36 5
1 36 4
0 36 3
1 2 39
1 2 40
1 2 41
1 2 42
3 2 43
2 3 43
2 4 43
2 5 43
2 6 43
2 7 43
2 8 43
2 9 43
2 10 43
2 11 43
2 12 43
2 13 43
2 14 43
2 15 43
2 16 43
2 17 43
2 18 43
2 19 43
2 20 43
2 21 43
2 22 43
-1
-1
-1
-1
-1
-1
-1
-1
-1
0 23 43
2 1 38
3 0 38
1 0 37
1 0 36
1 0 35
1 0 34
1 0 33
1 0 32
1 0 31
1 0 30
1 0 29
1 0 28
1 0 27
-1
-1
-1
-1
-1
-1
-1
-1
-1
-1
-1
0 0 26
6 2 37
2 3 37
2 4 37
2 5 37
2 6 37
4 7 37
1 7 36
1 7 35
1 7 34
1 7 33
-1
-1
-1
-1
-1
-1
-1
-1
-1
0 7 32
2 35 3
2 34 3
2 33 3
3 32 3
-1
-1
-1
-1
-1
-1
-1
-1
-1
0 32 2
2 31 2
2 30 2
2 29 2
2 28 2
2 27 2
2 26 2
6 25 2
1 25 3
1 25 4
1 25 5
1 25 6
1 25 7
1 25 8
1 25 9
1 25 10
0 25 11
2 8 32
2 9 32
2 10 32
2 11 32
2 12 32
2 13 32
2 14 32
2 15 32
2 16 32
4 17 32
1 17 31
1 17 30
1 17 29
1 17 28
1 17 27
1 17 26
1 17 25
1 17 24
0 17 23
4 23 44
2 22 44
6 21 44
1 21 45
0 21 46
5 23 42
2 22 42
2 21 42
3 20 42
1 20 41
0 20 40
2 24 11
2 23 11
2 22 11
2 21 11
2 20 11
2 19 11
2 18 11
2 17 11
2 16 11
2 15 11
3 14 11
1 14 10
1 14 9
0 14 8
5 18 23
1 18 24
1 18 25
1 18 26
1 18 27
1 18 28
1 18 29
1 18 30
1 18 31
1 18 32
4 18 33
2 17 33
2 16 33
0 15 33
2 13 8
3 12 8
1 12 7
1 12 6
1 12 5
1 12 4
1 12 3
0 12 2
5 37 3
1 37 4
3 37 5
2 38 5
2 39 5
2 40 5
2 41 5
2 42 5
2 43 5
0 44 5
6 17 22
2 18 22
5 19 22
1 19 23
1 19 24
1 19 25
1 19 26
1 19 27
3 19 28
2 20 28
2 21 28
2 22 28
2 23 28
2 24 28
2 25 28
2 26 28
0 27 28
6 36 2
2 37 2
2 38 2
4 39 2
0 39 1
2 14 33
2 13 33
0 12 33
2 15 8
2 16 8
2 17 8
2 18 8
2 19 8
2 20 8
4 21 8
1 21 7
1 21 6
0 21 5
2 26 11
2 27 11
0 28 11
2 11 33
2 10 33
2 9 33
6 8 33
0 8 34
2 29 11
2 30 11
2 31 11
2 32 11
4 33 11
1 33 10
0 33 9
1 28 12
1 28 13
1 28 14
1 28 15
1 28 16
3 28 17
2 29 17
2 30 17
2 31 17
0 32 17
2 33 2
2 34 2
0 35 2
2 20 46
2 19 46
2 18 46
2 17 46
2 16 46
2 15 46
2 14 46
2 13 46
2 12 46
0 11 46
1 32 18
1 32 19
1 32 20
1 32 21
1 32 22
1 32 23
3 32 24
0 33 24
2 19 40
2 18 40
2 17 40
2 16 40
2 15 40
2 14 40
2 13 40
2 12 40
2 11 40
2 10 40
2 9 40
2 8 40
6 7 40
0 7 41
2 11 2
6 10 2
1 10 3
1 10 4
1 10 5
1 10 6
1 10 7
1 10 8
1 10 9
1 10 10
1 10 11
0 10 12
1 44 6
1 44 7
1 44 8
1 44 9
1 44 10
1 44 11
1 44 12
1 44 13
1 44 14
1 44 15
1 44 16
1 44 17
1 44 18
1 44 19
1 44 20
1 44 21
1 44 22
1 44 23
1 44 24
3 44 25
0 45 25
2 16 23
2 15 23
2 14 23
3 13 23
1 13 22
1 13 21
1 13 20
1 13 19
0 13 18
4 15 34
6 14 34
1 14 35
0 14 36
4 45 26
2 44 26
2 43 26
2 42 26
2 41 26
2 40 26
2 39 26
2 38 26
3 37 26
1 37 25
1 37 24
0 37 23
2 32 9
3 31 9
1 31 8
1 31 7
0 31 6
3 7 42
2 8 42
2 9 42
2 10 42
0 11 42
5 46 25
1 46 26
4 46 27
2 45 27
2 44 27
6 43 27
1 43 28
1 43 29
1 43 30
1 43 31
1 43 32
1 43 33
1 43 34
1 43 35
1 43 36
1 43 37
0 43 38
2 11 12
2 12 12
2 13 12
2 14 12
2 15 12
0 16 12
4 33 25
2 32 25
2 31 25
3 30 25
1 30 24
1 30 23
1 30 22
1 30 21
1 30 20
1 30 19
0 30 18
5 27 27
2 26 27
2 25 27
0 24 27
2 9 12
2 8 12
3 7 12
1 7 11
1 7 10
1 7 9
0 7 8
5 34 9
1 34 10
1 34 11
0 34 12
2 6 8
2 5 8
2 4 8
2 3 8
3 2 8
1 2 7
1 2 6
1 2 5
0 2 4
-1
-1
-1
-1
-1
-1
-1
-1
-1
-1
-1
-1
-1
-1
-1
-1
-1
-1
-1
-1
-1
-1
-1
-1
-1
-1
-1
-1
-1
-1
-1
-1
-1
-1
-1
-1
-1
-1
-1
-1
-1
-1
-1
-1
-1
-1
-1
-1
-1
-1
-1
-1
-1
-1
-1
-1
-1
-1
-1
-1
-1
-1
-1
-1
-1
-1
-1
-1
-1
-1
-1
-1
-1
-1
-1
-1
-1
-1
-1
-1
-1
-1
-1
-1
-1
-1
-1
-1
-1
-1
-1
-1
-1
-1
-1
-1
-1
-1
-1
-1
-1
-1
-1
-1
-1
-1
-1
-1
-1
-1
-1
-1
-1
-1
-1
-1
-1
-1
-1
-1
-1
-1
-1
-1
-1
-1
-1
-1
-1
-1
-1
-1
-1
-1
-1
-1
-1
-1
-1
-1
-1
-1
-1
-1
-1
-1
-1
-1
-1
-1
-1
-1
-1
-1
-1
-1
-1
-1
-1
-1
-1
-1
-1
-1
-1
-1
-1
-1
-1
-1
-1
-1
-1
-1
-1
-1
-1
-1
-1
-1
-1
-1
-1
-1
-1
-1
-1
-1
-1
-1
-1
-1
-1
-1
-1
-1
-1
-1
-1
-1
-1
-1
-1
-1
-1
-1
-1
-1
-1
-1
-1
-1
-1
-1
-1
-1
-1
-1
-1
-1
-1
-1
-1
-1
-1
-1
-1
-1
-1
-1
-1
-1
-1
-1
-1
-1
-1
-1
-1
-1
-1
-1
-1
-1
-1
-1
-1
-1
-1
-1
-1
-1
-1
-1
-1
-1
-1
-1
-1
-1
-1
-1
-1
-1
-1
-1
-1
-1
-1
-1
-1
-1
-1
-1
-1
-1
-1
-1
-1
-1
-1
-1
-1
-1
-1
-1
-1
-1
-1
-1
-1
-1
-1
-1
-1
-1
-1
-1
-1
-1
-1
-1
-1
-1
-1
-1
-1
-1
-1
-1
-1
-1
-1
-1
-1
-1
-1
-1
-1
-1
-1
-1
-1
