0 3 15
1 3 16
1 3 17
1 3 18
1 3 19
1 3 20
1 3 21
1 3 22
1 3 23
1 3 24
1 3 25
1 3 26
1 3 27
1 3 28
1 3 29
1 3 30
1 3 31
1 3 32
1 3 33
1 3 34
1 3 35
1 3 36
3 3 37
2 4 37
2 5 37
2 6 37
2 7 37
2 8 37
2 9 37
2 10 37
2 11 37
2 12 37
2 13 37
2 14 37
2 15 37
2 16 37
2 17 37
2 18 37
2 19 37
2 20 37
2 21 37
2 22 37
2 23 37
2 24 37
2 25 37
2 26 37
2 27 37
2 28 37
2 29 37
2 30 37
2 31 37
2 32 37
2 33 37
2 34 37
2 35 37
2 36 37
2 37 37
2 38 37
2 39 37
2 40 37
2 41 37
2 42 37
2 43 37
2 44 37
0 45 37
4 45 38
2 44 38
2 43 38
2 42 38
2 41 38
2 40 38
2 39 38
-1
2 38 38
-1
2 37 38
2 36 38
-1
2 35 38
2 34 38
-1
2 33 38
-1
2 32 38
2 31 38
-1
2 30 38
2 29 38
-1
2 28 38
-1
2 27 38
2 26 38
-1
2 25 38
-1
2 24 38
2 23 38
-1
6 22 38
1 22 39
-1
1 22 40
-1
1 22 41
-1
-1
-1
-1
-1
-1
-1
-1
-1
-1
-1
-1
-1
-1
-1
-1
-1
-1
-1
-1
-1
-1
-1
-1
-1
-1
-1
-1
-1
-1
-1
-1
-1
-1
-1
-1
-1
-1
-1
-1
-1
-1
-1
-1
-1
-1
-1
-1
-1
-1
-1
-1
-1
-1
-1
-1
-1
-1
-1
-1
-1
-1
-1
-1
-1
-1
-1
-1
-1
-1
-1
-1
-1
-1
-1
-1
-1
-1
-1
0 22 42
2 4 15
2 5 15
2 6 15
2 7 15
2 8 15
2 9 15
2 10 15
2 11 15
2 12 15
4 13 15
1 13 14
1 13 13
1 13 12
1 13 11
1 13 10
1 13 9
1 13 8
1 13 7
1 13 6
1 13 5
1 13 4
1 13 3
1 13 2
-1
-1
-1
-1
-1
-1
-1
-1
-1
-1
-1
-1
-1
-1
-1
-1
-1
-1
-1
-1
-1
-1
-1
-1
-1
-1
-1
-1
-1
-1
-1
-1
-1
-1
-1
-1
-1
-1
-1
-1
-1
-1
-1
0 13 1
5 45 36
2 44 36
2 43 36
2 42 36
2 41 36
2 40 36
2 39 36
3 38 36
1 38 35
1 38 34
1 38 33
1 38 32
1 38 31
1 38 30
1 38 29
1 38 28
1 38 27
1 38 26
1 38 25
1 38 24
1 38 23
1 38 22
1 38 21
1 38 20
1 38 19
1 38 18
1 38 17
1 38 16
1 38 15
-1
-1
-1
-1
-1
-1
-1
-1
-1
-1
-1
-1
-1
-1
-1
-1
-1
-1
-1
-1
-1
0 38 14
5 14 1
1 14 2
1 14 3
1 14 4
1 14 5
1 14 6
1 14 7
1 14 8
1 14 9
1 14 10
1 14 11
1 14 12
1 14 13
1 14 14
1 14 15
1 14 16
1 14 17
1 14 18
1 14 19
1 14 20
1 14 21
1 14 22
1 14 23
1 14 24
1 14 25
1 14 26
1 14 27
1 14 28
1 14 29
1 14 30
1 14 31
3 14 32
2 15 32
2 16 32
-1
-1
-1
-1
-1
-1
-1
0 17 32
5 39 14
1 39 15
1 39 16
1 39 17
1 39 18
1 39 19
3 39 20
2 40 20
2 41 20
2 42 20
2 43 20
2 44 20
2 45 20
2 46 20
-1
-1
-1
-1
-1
-1
-1
-1
-1
-1
-1
-1
-1
0 47 20
4 17 33
2 16 33
2 15 33
2 14 33
2 13 33
2 12 33
2 11 33
2 10 33
2 9 33
6 8 33
1 8 34
1 8 35
-1
-1
-1
-1
-1
-1
-1
-1
-1
0 8 36
2 12 1
2 11 1
2 10 1
2 9 1
2 8 1
2 7 1
3 6 1
-1
-1
-1
-1
-1
-1
-1
-1
-1
-1
-1
0 6 0
2 37 14
2 36 14
2 35 14
2 34 14
2 33 14
2 32 14
2 31 14
2 30 14
2 29 14
2 28 14
2 27 14
2 26 14
6 25 14
1 25 15
1 25 16
1 25 17
1 25 18
-1
-1
0 25 19
2 18 32
2 19 32
2 20 32
2 21 32
2 22 32
2 23 32
2 24 32
2 25 32
2 26 32
2 27 32
2 28 32
2 29 32
2 30 32
2 31 32
4 32 32
1 32 31
-1
0 32 30
3 7 36
1 7 35
1 7 34
1 7 33
6 7 32
2 8 32
2 9 32
2 10 32
4 11 32
1 11 31
1 11 30
1 11 29
1 11 28
1 11 27
1 11 26
1 11 25
0 11 24
3 2 15
-1
-1
-1
-1
-1
-1
-1
-1
-1
-1
0 2 14
2 10 24
2 9 24
2 8 24
2 7 24
2 6 24
2 5 24
6 4 24
1 4 25
1 4 26
1 4 27
1 4 28
1 4 29
1 4 30
1 4 31
1 4 32
0 4 33
5 11 23
2 10 23
2 9 23
3 8 23
1 8 22
1 8 21
1 8 20
1 8 19
1 8 18
-1
-1
0 8 17
6 13 0
2 14 0
5 15 0
1 15 1
1 15 2
1 15 3
1 15 4
1 15 5
1 15 6
1 15 7
1 15 8
1 15 9
3 15 10
2 16 10
2 17 10
0 18 10
5 46 37
1 46 38
4 46 39
2 45 39
2 44 39
2 43 39
2 42 39
2 41 39
2 40 39
2 39 39
2 38 39
6 37 39
1 37 40
1 37 41
1 37 42
1 37 43
1 37 44
1 37 45
0 37 46
2 5 0
2 4 0
2 3 0
2 2 0
2 1 0
6 0 0
0 0 1
6 38 13
2 39 13
2 40 13
4 41 13
1 41 12
1 41 11
1 41 10
1 41 9
1 41 8
1 41 7
0 41 6
1 2 13
1 2 12
1 2 11
-1
0 2 10
1 25 20
1 25 21
1 25 22
3 25 23
-1
-1
-1
0 26 23
4 12 24
-1
-1
-1
-1
-1
-1
0 12 23
6 3 14
2 4 14
2 5 14
2 6 14
2 7 14
2 8 14
2 9 14
2 10 14
4 11 14
1 11 13
0 11 12
2 1 14
6 0 14
1 0 15
1 0 16
1 0 17
1 0 18
1 0 19
1 0 20
1 0 21
1 0 22
1 0 23
1 0 24
1 0 25
0 0 26
5 13 23
1 13 24
4 13 25
6 12 25
1 12 26
1 12 27
1 12 28
1 12 29
1 12 30
0 12 31
2 36 46
3 35 46
1 35 45
1 35 44
1 35 43
1 35 42
1 35 41
1 35 40
0 35 39
2 24 19
2 23 19
3 22 19
1 22 18
1 22 17
1 22 16
1 22 15
0 22 14
2 21 14
6 20 14
1 20 15
1 20 16
1 20 17
1 20 18
1 20 19
0 20 20
2 34 39
2 33 39
2 32 39
2 31 39
6 30 39
0 30 40
2 38 46
2 39 46
2 40 46
4 41 46
1 41 45
1 41 44
1 41 43
0 41 42
-1
-1
-1
-1
-1
-1
-1
-1
-1
-1
-1
-1
-1
-1
-1
-1
-1
-1
-1
-1
-1
-1
-1
-1
-1
-1
-1
-1
-1
-1
-1
-1
-1
-1
-1
-1
-1
-1
-1
-1
-1
-1
-1
-1
-1
-1
-1
-1
-1
-1
-1
-1
-1
-1
-1
-1
-1
-1
-1
-1
-1
-1
-1
-1
-1
-1
-1
-1
-1
-1
-1
-1
-1
-1
-1
-1
-1
-1
-1
-1
-1
-1
-1
-1
-1
-1
-1
-1
-1
-1
-1
-1
-1
-1
-1
-1
-1
-1
-1
-1
-1
-1
-1
-1
-1
-1
-1
-1
-1
-1
-1
-1
-1
-1
-1
-1
-1
-1
-1
-1
-1
-1
-1
-1
-1
-1
-1
-1
-1
-1
-1
-1
-1
-1
-1
-1
-1
-1
-1
-1
-1
-1
-1
