0 23 45
2 24 45
2 25 45
2 26 45
2 27 45
2 28 45
2 29 45
2 30 45
2 31 45
2 32 45
2 33 45
2 34 45
2 35 45
2 36 45
2 37 45
2 38 45
2 39 45
2 40 45
2 41 45
2 42 45
2 43 45
2 44 45
2 45 45
4 46 45
1 46 44
1 46 43
1 46 42
1 46 41
1 46 40
1 46 39
1 46 38
1 46 37
1 46 36
1 46 35
1 46 34
1 46 33
1 46 32
1 46 31
1 46 30
1 46 29
1 46 28
1 46 27
1 46 26
1 46 25
1 46 24
1 46 23
1 46 22
1 46 21
1 46 20
1 46 19
1 46 18
0 46 17
1 46 16
1 46 15
1 46 14
1 46 13
-1
-1
-1
-1
-1
-1
-1
-1
-1
-1
-1
-1
0 46 12
2 22 45
3 21 45
1 21 44
1 21 43
1 21 42
1 21 41
1 21 40
1 21 39
1 21 38
1 21 37
1 21 36
-1
-1
-1
-1
-1
-1
-1
-1
0 21 35
2 20 35
2 19 35
2 18 35
2 17 35
2 16 35
3 15 35
1 15 34
1 15 33
1 15 32
1 15 31
1 15 30
1 15 29
1 15 28
1 15 27
1 15 26
1 15 25
1 15 24
1 15 23
1 15 22
1 15 21
1 15 20
1 15 19
1 15 18
0 15 17
5 22 35
1 22 36
1 22 37
3 22 38
2 23 38
2 24 38
2 25 38
0 26 38
2 45 17
2 44 17
2 43 17
2 42 17
2 41 17
6 40 17
1 40 18
1 40 19
1 40 20
1 40 21
1 40 22
1 40 23
1 40 24
1 40 25
1 40 26
1 40 27
1 40 28
0 40 29
2 45 12
2 44 12
2 43 12
2 42 12
2 41 12
2 40 12
2 39 12
6 38 12
1 38 13
1 38 14
0 38 15
2 14 17
2 13 17
2 12 17
2 11 17
2 10 17
2 9 17
2 8 17
2 7 17
6 6 17
1 6 18
1 6 19
1 6 20
1 6 21
1 6 22
1 6 23
1 6 24
1 6 25
1 6 26
1 6 27
0 6 28
1 38 16
1 38 17
1 38 18
3 38 19
0 39 19
6 23 44
2 24 44
2 25 44
2 26 44
0 27 44
1 40 30
1 40 31
1 40 32
1 40 33
1 40 34
1 40 35
1 40 36
3 40 37
2 41 37
0 42 37
4 23 46
2 22 46
2 21 46
3 20 46
1 20 45
1 20 44
1 20 43
1 20 42
1 20 41
1 20 40
0 20 39
5 46 11
2 45 11
2 44 11
2 43 11
3 42 11
1 42 10
1 42 9
0 42 8
5 26 37
2 25 37
2 24 37
0 23 37
2 37 15
2 36 15
2 35 15
2 34 15
2 33 15
2 32 15
2 31 15
2 30 15
2 29 15
6 28 15
1 28 16
0 28 17
2 41 8
2 40 8
2 39 8
6 38 8
1 38 9
1 38 10
0 38 11
6 21 34
2 22 34
2 23 34
2 24 34
2 25 34
0 26 34
2 7 28
2 8 28
2 9 28
2 10 28
2 11 28
2 12 28
2 13 28
4 14 28
1 14 27
1 14 26
1 14 25
1 14 24
1 14 23
0 14 22
2 5 28
2 4 28
2 3 28
3 2 28
0 2 27
6 19 39
1 19 40
1 19 41
1 19 42
1 19 43
0 19 44
4 43 8
1 43 7
1 43 6
1 43 5
0 43 4
4 26 39
2 25 39
6 24 39
1 24 40
0 24 41
2 39 15
2 40 15
2 41 15
4 42 15
1 42 14
0 42 13
4 6 29
6 5 29
1 5 30
1 5 31
1 5 32
1 5 33
1 5 34
0 5 35
5 26 33
2 25 33
2 24 33
2 23 33
2 22 33
2 21 33
2 20 33
3 19 33
1 19 32
1 19 31
0 19 30
4 39 20
2 38 20
2 37 20
2 36 20
6 35 20
1 35 21
1 35 22
0 35 23
2 37 11
2 36 11
2 35 11
2 34 11
2 33 11
3 32 11
0 32 10
5 20 38
2 19 38
2 18 38
2 17 38
2 16 38
2 15 38
2 14 38
6 13 38
1 13 39
0 13 40
5 15 16
2 14 16
2 13 16
2 12 16
2 11 16
2 10 16
2 9 16
2 8 16
2 7 16
2 6 16
2 5 16
3 4 16
1 4 15
0 4 14
-1
-1
-1
-1
-1
-1
-1
-1
-1
-1
-1
-1
-1
-1
-1
-1
-1
-1
-1
-1
-1
-1
-1
-1
-1
-1
-1
-1
-1
-1
-1
-1
-1
-1
-1
-1
-1
-1
-1
-1
-1
-1
-1
-1
-1
-1
-1
-1
-1
-1
-1
-1
-1
-1
-1
-1
-1
-1
-1
-1
-1
-1
-1
-1
-1
-1
-1
-1
-1
-1
-1
-1
-1
-1
-1
-1
-1
-1
-1
-1
-1
-1
-1
-1
-1
-1
-1
-1
-1
-1
-1
-1
-1
-1
-1
-1
-1
-1
-1
-1
-1
-1
-1
-1
-1
-1
-1
-1
-1
-1
-1
-1
-1
-1
-1
-1
-1
-1
-1
-1
-1
-1
-1
-1
-1
-1
-1
-1
-1
-1
-1
-1
-1
-1
-1
-1
-1
-1
-1
-1
-1
-1
-1
-1
-1
-1
-1
-1
-1
-1
-1
-1
-1
-1
-1
-1
-1
-1
-1
-1
-1
-1
-1
-1
-1
-1
-1
-1
-1
-1
-1
-1
-1
-1
-1
-1
-1
-1
-1
-1
-1
-1
-1
-1
-1
-1
-1
-1
-1
-1
-1
-1
-1
-1
-1
-1
-1
-1
-1
-1
-1
-1
-1
-1
-1
-1
-1
-1
-1
-1
-1
-1
-1
-1
-1
-1
-1
-1
-1
-1
-1
-1
-1
-1
-1
-1
-1
-1
-1
-1
-1
-1
-1
-1
-1
-1
-1
-1
-1
-1
-1
-1
-1
-1
-1
-1
-1
-1
-1
-1
-1
-1
-1
-1
-1
-1
-1
-1
-1
-1
-1
-1
-1
-1
-1
-1
-1
-1
-1
-1
-1
-1
-1
-1
-1
-1
-1
-1
-1
-1
-1
-1
-1
-1
-1
-1
-1
-1
-1
-1
-1
-1
-1
-1
-1
-1
-1
-1
-1
-1
-1
-1
-1
-1
-1
-1
-1
-1
-1
-1
-1
-1
-1
-1
-1
-1
-1
-1
-1
-1
-1
-1
-1
-1
-1
-1
-1
-1
-1
-1
-1
-1
-1
-1
-1
-1
-1
-1
-1
-1
-1
-1
-1
-1
-1
-1
-1
-1
-1
-1
-1
-1
-1
-1
-1
-1
-1
-1
-1
-1
-1
-1
-1
-1
-1
-1
-1
-1
-1
-1
-1
-1
-1
-1
-1
-1
-1
-1
-1
-1
-1
-1
-1
-1
-1
-1
-1
-1
-1
-1
-1
-1
-1
-1
-1
-1
-1
-1
-1
-1
-1
-1
-1
-1
-1
-1
-1
-1
-1
-1
-1
-1
-1
-1
-1
-1
-1
-1
-1
-1
-1
-1
-1
-1
-1
-1
-1
-1
-1
-1
-1
-1
-1
-1
-1
-1
-1
-1
-1
-1
-1
-1
-1
-1
-1
-1
-1
-1
-1
-1
-1
-1
-1
-1
-1
-1
-1
-1
-1
-1
-1
-1
-1
