0 4 13
1 4 14
1 4 15
1 4 16
1 4 17
1 4 18
1 4 19
1 4 20
1 4 21
1 4 22
1 4 23
1 4 24
1 4 25
1 4 26
1 4 27
1 4 28
1 4 29
1 4 30
1 4 31
1 4 32
1 4 33
1 4 34
1 4 35
1 4 36
1 4 37
1 4 38
1 4 39
1 4 40
1 4 41
3 4 42
2 5 42
2 6 42
2 7 42
2 8 42
2 9 42
2 10 42
2 11 42
2 12 42
2 13 42
2 14 42
2 15 42
2 16 42
2 17 42
2 18 42
2 19 42
2 20 42
2 21 42
2 22 42
2 23 42
2 24 42
2 25 42
2 26 42
2 27 42
2 28 42
2 29 42
2 30 42
2 31 42
2 32 42
2 33 42
2 34 42
2 35 42
2 36 42
2 37 42
2 38 42
2 39 42
2 40 42
2 41 42
2 42 42
2 43 42
2 44 42
2 45 42
2 46 42
0 47 42
5 47 41
2 46 41
2 45 41
2 44 41
2 43 41
2 42 41
2 41 41
2 40 41
3 39 41
1 39 40
1 39 39
1 39 38
1 39 37
1 39 36
1 39 35
1 39 34
1 39 33
1 39 32
1 39 31
1 39 30
1 39 29
1 39 28
1 39 27
1 39 26
1 39 25
1 39 24
1 39 23
1 39 22
-1
-1
-1
-1
-1
-1
-1
-1
-1
-1
-1
-1
-1
-1
-1
-1
-1
-1
-1
0 39 21
2 40 21
2 41 21
2 42 21
2 43 21
2 44 21
4 45 21
1 45 20
1 45 19
1 45 18
1 45 17
-1
-1
-1
-1
-1
-1
-1
-1
-1
-1
-1
-1
0 45 16
2 5 13
2 6 13
2 7 13
2 8 13
2 9 13
2 10 13
2 11 13
2 12 13
2 13 13
2 14 13
2 15 13
4 16 13
1 16 12
-1
-1
-1
0 16 11
4 48 42
1 48 41
5 48 40
2 47 40
2 46 40
2 45 40
2 44 40
2 43 40
2 42 40
3 41 40
1 41 39
1 41 38
1 41 37
1 41 36
1 41 35
1 41 34
1 41 33
0 41 32
2 38 21
2 37 21
3 36 21
1 36 20
1 36 19
1 36 18
1 36 17
1 36 16
1 36 15
1 36 14
1 36 13
1 36 12
1 36 11
1 36 10
1 36 9
0 36 8
2 3 13
2 2 13
6 1 13
1 1 14
1 1 15
1 1 16
1 1 17
0 1 18
6 35 8
1 35 9
1 35 10
1 35 11
1 35 12
1 35 13
1 35 14
1 35 15
1 35 16
1 35 17
1 35 18
1 35 19
1 35 20
1 35 21
1 35 22
1 35 23
1 35 24
1 35 25
1 35 26
1 35 27
1 35 28
1 35 29
1 35 30
1 35 31
1 35 32
0 35 33
2 34 33
2 33 33
2 32 33
2 31 33
2 30 33
2 29 33
2 28 33
2 27 33
2 26 33
2 25 33
2 24 33
2 23 33
2 22 33
2 21 33
2 20 33
2 19 33
2 18 33
2 17 33
2 16 33
2 15 33
2 14 33
2 13 33
2 12 33
2 11 33
2 10 33
2 9 33
2 8 33
6 7 33
1 7 34
1 7 35
1 7 36
1 7 37
1 7 38
0 7 39
5 36 7
2 35 7
2 34 7
6 33 7
1 33 8
1 33 9
1 33 10
1 33 11
1 33 12
1 33 13
1 33 14
0 33 15
5 4 12
2 3 12
3 2 12
1 2 11
1 2 10
1 2 9
1 2 8
0 2 7
2 32 15
2 31 15
2 30 15
2 29 15
2 28 15
2 27 15
2 26 15
6 25 15
1 25 16
1 25 17
1 25 18
1 25 19
1 25 20
1 25 21
1 25 22
1 25 23
1 25 24
1 25 25
1 25 26
1 25 27
1 25 28
1 25 29
1 25 30
1 25 31
0 25 32
5 3 7
1 3 8
1 3 9
1 3 10
3 3 11
2 4 11
2 5 11
0 6 11
4 47 43
2 46 43
2 45 43
2 44 43
2 43 43
2 42 43
2 41 43
2 40 43
6 39 43
1 39 44
1 39 45
0 39 46
3 6 39
1 6 38
1 6 37
1 6 36
1 6 35
1 6 34
1 6 33
6 6 32
2 7 32
2 8 32
4 9 32
1 9 31
0 9 30
5 37 8
1 37 9
1 37 10
3 37 11
2 38 11
0 39 11
2 38 46
2 37 46
2 36 46
2 35 46
2 34 46
2 33 46
2 32 46
2 31 46
2 30 46
2 29 46
2 28 46
2 27 46
2 26 46
2 25 46
2 24 46
2 23 46
2 22 46
2 21 46
2 20 46
2 19 46
2 18 46
2 17 46
2 16 46
2 15 46
2 14 46
2 13 46
3 12 46
1 12 45
1 12 44
0 12 43
2 40 46
2 41 46
0 42 46
5 17 11
1 17 12
3 17 13
2 18 13
2 19 13
2 20 13
0 21 13
5 46 16
1 46 17
3 46 18
0 47 18
4 35 34
2 34 34
2 33 34
2 32 34
2 31 34
2 30 34
2 29 34
2 28 34
2 27 34
2 26 34
2 25 34
2 24 34
2 23 34
2 22 34
2 21 34
0 20 34
5 39 10
3 38 10
1 38 9
1 38 8
5 38 7
3 37 7
5 37 6
3 36 6
0 36 5
4 21 14
2 20 14
2 19 14
2 18 14
2 17 14
2 16 14
6 15 14
1 15 15
1 15 16
1 15 17
1 15 18
1 15 19
1 15 20
0 15 21
2 22 13
2 23 13
2 24 13
2 25 13
2 26 13
2 27 13
4 28 13
1 28 12
1 28 11
1 28 10
0 28 9
-1
-1
-1
-1
-1
-1
-1
-1
-1
-1
-1
-1
-1
-1
-1
-1
-1
-1
-1
-1
-1
-1
-1
-1
-1
-1
-1
-1
-1
-1
-1
-1
-1
-1
-1
-1
-1
-1
-1
-1
-1
-1
-1
-1
-1
-1
-1
-1
-1
-1
-1
-1
-1
-1
-1
-1
-1
-1
-1
-1
-1
-1
-1
-1
-1
-1
-1
-1
-1
-1
-1
-1
-1
-1
-1
-1
-1
-1
-1
-1
-1
-1
-1
-1
-1
-1
-1
-1
-1
-1
-1
-1
-1
-1
-1
-1
-1
-1
-1
-1
-1
-1
-1
-1
-1
-1
-1
-1
-1
-1
-1
-1
-1
-1
-1
-1
-1
-1
-1
-1
-1
-1
-1
-1
-1
-1
-1
-1
-1
-1
-1
-1
-1
-1
-1
-1
-1
-1
-1
-1
-1
-1
-1
-1
-1
-1
-1
-1
-1
-1
-1
-1
-1
-1
-1
-1
-1
-1
-1
-1
-1
-1
-1
-1
-1
-1
-1
-1
-1
-1
-1
-1
-1
-1
-1
-1
-1
-1
-1
-1
-1
-1
-1
-1
-1
-1
-1
-1
-1
-1
-1
-1
-1
-1
-1
-1
-1
-1
-1
-1
-1
-1
-1
-1
-1
-1
-1
-1
-1
-1
-1
-1
-1
-1
-1
-1
-1
-1
-1
-1
-1
-1
-1
-1
-1
-1
-1
-1
-1
-1
-1
-1
-1
-1
-1
-1
-1
-1
-1
-1
-1
-1
-1
-1
-1
-1
-1
-1
-1
-1
-1
-1
-1
-1
-1
-1
-1
-1
-1
-1
-1
-1
-1
-1
-1
-1
-1
-1
-1
-1
-1
-1
-1
-1
-1
-1
-1
-1
-1
-1
-1
-1
-1
-1
-1
-1
-1
-1
-1
-1
-1
-1
-1
-1
-1
-1
-1
-1
-1
-1
-1
-1
-1
-1
-1
-1
-1
-1
-1
-1
-1
-1
-1
-1
-1
-1
-1
-1
-1
-1
-1
-1
-1
-1
-1
-1
-1
-1
-1
-1
-1
-1
-1
-1
-1
-1
-1
-1
-1
-1
-1
-1
-1
-1
-1
-1
-1
-1
-1
-1
-1
-1
-1
-1
-1
-1
-1
-1
-1
