0 18 46
3 18 47
2 19 47
2 20 47
2 21 47
2 22 47
2 23 47
2 24 47
2 25 47
2 26 47
2 27 47
2 28 47
2 29 47
2 30 47
2 31 47
0 32 47
2 33 47
2 34 47
2 35 47
-1
-1
-1
2 36 47
-1
-1
4 37 47
-1
-1
1 37 46
-1
-1
-1
1 37 45
-1
-1
1 37 44
-1
-1
1 37 43
-1
-1
-1
1 37 42
-1
-1
1 37 41
-1
-1
1 37 40
-1
-1
-1
1 37 39
-1
-1
1 37 38
-1
-1
1 37 37
-1
-1
-1
1 37 36
-1
-1
1 37 35
-1
-1
1 37 34
-1
-1
-1
1 37 33
-1
-1
1 37 32
-1
-1
1 37 31
-1
-1
-1
1 37 30
-1
-1
1 37 29
-1
-1
1 37 28
-1
-1
-1
1 37 27
-1
-1
1 37 26
-1
-1
1 37 25
-1
-1
-1
1 37 24
-1
-1
1 37 23
-1
-1
1 37 22
-1
-1
-1
1 37 21
-1
-1
1 37 20
-1
-1
1 37 19
-1
-1
-1
1 37 18
-1
-1
1 37 17
-1
-1
1 37 16
-1
-1
-1
1 37 15
-1
-1
1 37 14
-1
-1
-1
-1
-1
-1
-1
-1
-1
-1
-1
-1
-1
-1
-1
-1
-1
-1
-1
-1
-1
-1
-1
-1
-1
-1
-1
-1
-1
-1
-1
-1
-1
-1
-1
-1
-1
-1
-1
-1
-1
-1
-1
-1
-1
-1
-1
-1
-1
-1
-1
-1
-1
-1
-1
-1
-1
-1
-1
-1
-1
-1
-1
-1
-1
-1
-1
-1
-1
-1
-1
-1
-1
-1
-1
-1
-1
-1
-1
-1
-1
-1
-1
-1
-1
-1
-1
-1
-1
-1
-1
-1
-1
-1
-1
-1
-1
-1
-1
-1
-1
-1
-1
-1
-1
-1
-1
-1
-1
-1
-1
-1
-1
-1
-1
-1
-1
-1
-1
-1
-1
-1
-1
-1
-1
-1
-1
-1
-1
-1
-1
-1
-1
-1
-1
-1
-1
-1
-1
-1
-1
-1
-1
-1
-1
-1
-1
-1
-1
-1
-1
-1
-1
-1
-1
-1
-1
-1
-1
-1
-1
-1
-1
-1
-1
-1
0 37 13
5 38 13
3 38 14
2 39 14
-1
-1
-1
-1
-1
-1
-1
-1
-1
-1
-1
-1
-1
-1
-1
-1
-1
-1
-1
-1
-1
-1
-1
-1
-1
-1
-1
-1
-1
-1
-1
-1
-1
-1
-1
-1
0 40 14
2 36 13
2 35 13
2 34 13
2 33 13
2 32 13
2 31 13
2 30 13
6 29 13
1 29 14
1 29 15
1 29 16
1 29 17
1 29 18
1 29 19
1 29 20
1 29 21
-1
-1
-1
-1
-1
-1
-1
-1
-1
-1
-1
0 29 22
5 37 12
2 36 12
2 35 12
2 34 12
2 33 12
2 32 12
2 31 12
2 30 12
2 29 12
2 28 12
2 27 12
2 26 12
2 25 12
2 24 12
2 23 12
2 22 12
2 21 12
2 20 12
3 19 12
1 19 11
1 19 10
1 19 9
1 19 8
1 19 7
1 19 6
0 19 5
2 17 46
2 16 46
2 15 46
2 14 46
2 13 46
2 12 46
2 11 46
2 10 46
2 9 46
2 8 46
6 7 46
-1
-1
-1
0 7 47
1 40 13
1 40 12
1 40 11
1 40 10
1 40 9
-1
-1
-1
-1
-1
-1
0 40 8
5 18 45
2 17 45
2 16 45
2 15 45
2 14 45
3 13 45
-1
-1
0 13 44
2 39 8
-1
-1
-1
-1
-1
0 38 8
2 8 47
2 9 47
2 10 47
2 11 47
2 12 47
2 13 47
2 14 47
0 15 47
2 37 8
2 36 8
2 35 8
2 34 8
2 33 8
2 32 8
2 31 8
2 30 8
2 29 8
0 28 8
3 32 48
2 33 48
2 34 48
2 35 48
2 36 48
2 37 48
2 38 48
4 39 48
1 39 47
1 39 46
1 39 45
1 39 44
1 39 43
1 39 42
0 39 41
2 18 5
2 17 5
2 16 5
2 15 5
2 14 5
2 13 5
2 12 5
2 11 5
2 10 5
6 9 5
0 9 6
2 8 6
2 7 6
2 6 6
3 5 6
1 5 5
1 5 4
0 5 3
1 40 15
1 40 16
1 40 17
1 40 18
1 40 19
1 40 20
1 40 21
1 40 22
3 40 23
2 41 23
2 42 23
2 43 23
2 44 23
2 45 23
0 46 23
2 41 14
2 42 14
2 43 14
2 44 14
4 45 14
1 45 13
0 45 12
0 14 44
6 32 46
2 33 46
2 34 46
4 35 46
1 35 45
1 35 44
0 35 43
4 46 24
2 45 24
2 44 24
6 43 24
1 43 25
1 43 26
1 43 27
0 43 28
2 4 3
2 3 3
6 2 3
1 2 4
1 2 5
1 2 6
1 2 7
1 2 8
1 2 9
1 2 10
1 2 11
0 2 12
2 34 43
2 33 43
2 32 43
2 31 43
3 30 43
1 30 42
1 30 41
1 30 40
1 30 39
1 30 38
1 30 37
1 30 36
0 30 35
3 29 35
1 29 34
1 29 33
1 29 32
0 29 31
2 28 22
2 27 22
2 26 22
2 25 22
2 24 22
2 23 22
2 22 22
2 21 22
2 20 22
2 19 22
2 18 22
2 17 22
2 16 22
6 15 22
1 15 23
1 15 24
0 15 25
1 15 26
3 15 27
2 16 27
2 17 27
2 18 27
2 19 27
0 20 27
2 30 31
2 31 31
2 32 31
2 33 31
4 34 31
1 34 30
0 34 29
4 19 46
1 19 45
5 19 44
0 18 44
2 42 28
2 41 28
3 40 28
1 40 27
1 40 26
1 40 25
0 40 24
3 14 25
1 14 24
1 14 23
1 14 22
6 14 21
2 15 21
2 16 21
2 17 21
2 18 21
2 19 21
2 20 21
2 21 21
2 22 21
2 23 21
4 24 21
1 24 20
1 24 19
1 24 18
1 24 17
1 24 16
1 24 15
0 24 14
5 31 35
1 31 36
1 31 37
3 31 38
2 32 38
0 33 38
1 38 7
1 38 6
1 38 5
1 38 4
1 38 3
1 38 2
0 38 1
6 18 43
4 19 43
1 19 42
0 19 41
5 5 2
2 4 2
2 3 2
2 2 2
2 1 2
0 0 2
2 23 14
2 22 14
2 21 14
2 20 14
2 19 14
2 18 14
2 17 14
2 16 14
6 15 14
1 15 15
1 15 16
1 15 17
0 15 18
4 38 9
2 37 9
2 36 9
2 35 9
0 34 9
0 15 44
2 30 22
2 31 22
2 32 22
2 33 22
4 34 22
1 34 21
1 34 20
1 34 19
1 34 18
1 34 17
1 34 16
1 34 15
0 34 14
-1
-1
-1
-1
-1
-1
-1
-1
-1
-1
-1
-1
-1
-1
-1
-1
-1
-1
-1
-1
-1
-1
-1
-1
-1
-1
-1
-1
-1
-1
-1
-1
-1
-1
-1
-1
-1
-1
-1
-1
-1
-1
-1
-1
-1
-1
-1
-1
-1
-1
-1
-1
-1
-1
-1
-1
-1
-1
-1
-1
-1
-1
-1
-1
-1
-1
-1
-1
-1
-1
-1
-1
-1
-1
-1
-1
-1
-1
-1
-1
-1
-1
-1
-1
-1
-1
-1
-1
-1
-1
-1
-1
-1
-1
-1
-1
-1
-1
-1
-1
-1
-1
-1
-1
-1
-1
-1
-1
-1
-1
-1
-1
-1
-1
-1
-1
-1
-1
-1
-1
-1
-1
