0 24 38
2 25 38
2 26 38
2 27 38
2 28 38
2 29 38
2 30 38
2 31 38
2 32 38
2 33 38
2 34 38
2 35 38
2 36 38
2 37 38
2 38 38
2 39 38
2 40 38
2 41 38
2 42 38
4 43 38
1 43 37
1 43 36
1 43 35
1 43 34
1 43 33
1 43 32
1 43 31
1 43 30
1 43 29
1 43 28
1 43 27
1 43 26
1 43 25
1 43 24
1 43 23
1 43 22
1 43 21
1 43 20
1 43 19
1 43 18
1 43 17
1 43 16
1 43 15
1 43 14
1 43 13
1 43 12
1 43 11
1 43 10
1 43 9
1 43 8
1 43 7
1 43 6
1 43 5
1 43 4
1 43 3
1 43 2
1 43 1
0 43 0
2 42 0
2 41 0
2 40 0
2 39 0
2 38 0
2 37 0
2 36 0
2 35 0
2 34 0
2 33 0
2 32 0
2 31 0
6 30 0
1 30 1
1 30 2
1 30 3
1 30 4
1 30 5
-1
-1
-1
-1
-1
-1
-1
-1
-1
-1
-1
-1
-1
-1
-1
-1
-1
-1
-1
-1
0 30 6
1 30 7
1 30 8
1 30 9
1 30 10
1 30 11
1 30 12
3 30 13
2 31 13
2 32 13
2 33 13
2 34 13
2 35 13
2 36 13
2 37 13
-1
-1
-1
-1
-1
-1
-1
-1
-1
-1
-1
-1
-1
-1
-1
-1
-1
-1
-1
0 38 13
2 23 38
2 22 38
2 21 38
2 20 38
2 19 38
2 18 38
3 17 38
1 17 37
-1
-1
-1
-1
-1
-1
-1
-1
-1
-1
-1
-1
-1
-1
-1
-1
0 17 36
4 38 14
2 37 14
6 36 14
1 36 15
1 36 16
1 36 17
1 36 18
1 36 19
1 36 20
-1
-1
-1
-1
-1
-1
-1
-1
-1
-1
-1
0 36 21
1 36 22
1 36 23
1 36 24
1 36 25
1 36 26
1 36 27
3 36 28
2 37 28
2 38 28
-1
-1
-1
-1
-1
-1
-1
-1
-1
0 39 28
2 35 21
2 34 21
2 33 21
2 32 21
2 31 21
6 30 21
1 30 22
-1
-1
-1
-1
-1
-1
-1
-1
-1
0 30 23
2 40 28
2 41 28
-1
-1
-1
-1
-1
-1
-1
-1
-1
-1
-1
-1
0 42 28
2 16 36
2 15 36
2 14 36
2 13 36
2 12 36
2 11 36
2 10 36
2 9 36
2 8 36
2 7 36
2 6 36
2 5 36
2 4 36
2 3 36
2 2 36
3 1 36
1 1 35
1 1 34
1 1 33
0 1 32
4 39 29
2 38 29
2 37 29
2 36 29
2 35 29
2 34 29
6 33 29
1 33 30
1 33 31
1 33 32
0 33 33
4 24 39
2 23 39
2 22 39
2 21 39
2 20 39
2 19 39
2 18 39
2 17 39
6 16 39
1 16 40
-1
-1
0 16 41
2 17 41
2 18 41
2 19 41
2 20 41
2 21 41
2 22 41
2 23 41
2 24 41
2 25 41
2 26 41
4 27 41
0 27 40
5 44 0
1 44 1
1 44 2
1 44 3
1 44 4
1 44 5
1 44 6
1 44 7
1 44 8
-1
-1
0 44 9
2 29 23
2 28 23
2 27 23
2 26 23
2 25 23
2 24 23
3 23 23
1 23 22
1 23 21
0 23 20
2 22 20
2 21 20
2 20 20
2 19 20
2 18 20
2 17 20
2 16 20
2 15 20
3 14 20
1 14 19
0 14 18
4 45 9
1 45 8
1 45 7
1 45 6
1 45 5
1 45 4
1 45 3
1 45 2
0 45 1
1 24 37
1 24 36
1 24 35
1 24 34
1 24 33
1 24 32
1 24 31
1 24 30
0 24 29
5 39 13
1 39 14
1 39 15
1 39 16
3 39 17
2 40 17
2 41 17
0 42 17
6 13 18
1 13 19
1 13 20
1 13 21
1 13 22
1 13 23
1 13 24
3 13 25
2 14 25
0 15 25
1 44 10
1 44 11
1 44 12
1 44 13
1 44 14
3 44 15
0 45 15
2 24 20
2 25 20
2 26 20
2 27 20
2 28 20
2 29 20
2 30 20
2 31 20
0 32 20
5 17 35
2 16 35
3 15 35
1 15 34
1 15 33
0 15 32
5 14 17
2 13 17
2 12 17
2 11 17
2 10 17
3 9 17
1 9 16
1 9 15
0 9 14
2 32 33
2 31 33
2 30 33
2 29 33
6 28 33
0 28 34
2 14 32
2 13 32
3 12 32
1 12 31
1 12 30
0 12 29
4 42 18
6 41 18
1 41 19
0 41 20
1 45 16
1 45 17
1 45 18
1 45 19
1 45 20
1 45 21
1 45 22
1 45 23
0 45 24
2 8 14
6 7 14
1 7 15
1 7 16
1 7 17
1 7 18
1 7 19
1 7 20
1 7 21
1 7 22
0 7 23
-1
-1
-1
-1
-1
-1
-1
-1
-1
-1
-1
-1
-1
-1
-1
-1
-1
-1
-1
-1
-1
-1
-1
-1
-1
-1
-1
-1
-1
-1
-1
-1
-1
-1
-1
-1
-1
-1
-1
-1
-1
-1
-1
-1
-1
-1
-1
-1
-1
-1
-1
-1
-1
-1
-1
-1
-1
-1
-1
-1
-1
-1
-1
-1
-1
-1
-1
-1
-1
-1
-1
-1
-1
-1
-1
-1
-1
-1
-1
-1
-1
-1
-1
-1
-1
-1
-1
-1
-1
-1
-1
-1
-1
-1
-1
-1
-1
-1
-1
-1
-1
-1
-1
-1
-1
-1
-1
-1
-1
-1
-1
-1
-1
-1
-1
-1
-1
-1
-1
-1
-1
-1
-1
-1
-1
-1
-1
-1
-1
-1
-1
-1
-1
-1
-1
-1
-1
-1
-1
-1
-1
-1
-1
-1
-1
-1
-1
-1
-1
-1
-1
-1
-1
-1
-1
-1
-1
-1
-1
-1
-1
-1
-1
-1
-1
-1
-1
-1
-1
-1
-1
-1
-1
-1
-1
-1
-1
-1
-1
-1
-1
-1
-1
-1
-1
-1
-1
-1
-1
-1
-1
-1
-1
-1
-1
-1
-1
-1
-1
-1
-1
-1
-1
-1
-1
-1
-1
-1
-1
-1
-1
-1
-1
-1
-1
-1
-1
-1
-1
-1
-1
-1
-1
-1
-1
-1
-1
-1
-1
-1
-1
-1
-1
-1
-1
-1
-1
-1
-1
-1
-1
-1
-1
-1
-1
-1
-1
-1
-1
-1
-1
-1
-1
-1
-1
-1
-1
-1
-1
-1
-1
-1
-1
-1
-1
-1
-1
-1
-1
-1
-1
-1
-1
-1
-1
-1
-1
-1
-1
-1
-1
-1
-1
-1
-1
-1
-1
-1
-1
-1
-1
-1
-1
-1
-1
-1
-1
-1
-1
-1
-1
-1
-1
-1
-1
-1
-1
-1
-1
-1
-1
-1
-1
-1
-1
-1
-1
-1
-1
-1
-1
-1
-1
-1
-1
-1
-1
-1
-1
-1
-1
-1
-1
-1
-1
-1
-1
-1
-1
-1
-1
-1
-1
-1
-1
-1
-1
-1
-1
-1
-1
-1
-1
-1
-1
-1
-1
-1
-1
-1
-1
-1
-1
-1
-1
-1
-1
-1
-1
-1
-1
-1
-1
-1
-1
-1
-1
-1
-1
-1
