0 22 32
2 23 32
2 24 32
2 25 32
2 26 32
2 27 32
2 28 32
2 29 32
2 30 32
2 31 32
2 32 32
2 33 32
2 34 32
2 35 32
2 36 32
4 37 32
1 37 31
1 37 30
1 37 29
1 37 28
1 37 27
1 37 26
1 37 25
0 37 24
2 21 32
3 20 32
1 20 31
1 20 30
1 20 29
1 20 28
1 20 27
1 20 26
1 20 25
1 20 24
1 20 23
1 20 22
1 20 21
1 20 20
1 20 19
1 20 18
1 20 17
1 20 16
1 20 15
1 20 14
1 20 13
1 20 12
1 20 11
1 20 10
1 20 9
1 20 8
1 20 7
1 20 6
1 20 5
1 20 4
-1
-1
-1
-1
-1
-1
-1
-1
-1
-1
-1
-1
-1
-1
-1
-1
-1
-1
-1
-1
-1
-1
-1
-1
-1
-1
-1
-1
0 20 3
5 38 24
3 38 25
2 39 25
2 40 25
2 41 25
2 42 25
-1
-1
-1
-1
-1
-1
-1
-1
-1
-1
-1
-1
-1
-1
-1
-1
-1
-1
-1
-1
-1
-1
-1
-1
-1
-1
-1
-1
-1
-1
-1
-1
-1
-1
-1
-1
-1
-1
-1
-1
-1
-1
-1
-1
-1
0 43 25
4 43 26
2 42 26
6 41 26
1 41 27
1 41 28
1 41 29
1 41 30
1 41 31
1 41 32
1 41 33
1 41 34
1 41 35
1 41 36
1 41 37
1 41 38
-1
-1
-1
-1
-1
-1
-1
-1
-1
-1
-1
-1
-1
-1
-1
-1
-1
-1
-1
-1
0 41 39
2 19 3
2 18 3
2 17 3
2 16 3
2 15 3
2 14 3
2 13 3
2 12 3
2 11 3
2 10 3
2 9 3
2 8 3
2 7 3
6 6 3
1 6 4
1 6 5
1 6 6
1 6 7
1 6 8
1 6 9
1 6 10
1 6 11
1 6 12
1 6 13
1 6 14
1 6 15
-1
-1
-1
-1
-1
0 6 16
2 40 39
2 39 39
2 38 39
2 37 39
-1
-1
-1
-1
-1
-1
-1
-1
-1
-1
-1
-1
-1
0 36 39
4 22 33
2 21 33
2 20 33
2 19 33
2 18 33
-1
-1
-1
-1
-1
-1
-1
-1
-1
-1
0 17 33
1 37 23
1 37 22
1 37 21
1 37 20
1 37 19
-1
-1
-1
-1
-1
-1
-1
-1
0 37 18
1 17 34
1 17 35
3 17 36
2 18 36
2 19 36
2 20 36
-1
-1
-1
-1
-1
0 21 36
2 36 18
2 35 18
6 34 18
1 34 19
-1
-1
-1
-1
-1
-1
0 34 20
2 7 16
4 8 16
1 8 15
-1
-1
-1
-1
-1
0 8 14
5 21 3
1 21 4
1 21 5
3 21 6
2 22 6
-1
-1
0 23 6
6 22 31
2 23 31
2 24 31
2 25 31
2 26 31
2 27 31
4 28 31
1 28 30
1 28 29
0 28 28
2 33 20
3 32 20
1 32 19
1 32 18
1 32 17
1 32 16
1 32 15
0 32 14
2 44 25
-1
-1
-1
0 45 25
1 36 38
-1
-1
-1
-1
0 36 37
1 6 17
1 6 18
1 6 19
1 6 20
1 6 21
1 6 22
3 6 23
2 7 23
2 8 23
0 9 23
1 23 7
1 23 8
1 23 9
3 23 10
2 24 10
0 25 10
6 20 2
2 21 2
2 22 2
2 23 2
2 24 2
2 25 2
0 26 2
2 5 16
2 4 16
2 3 16
2 2 16
2 1 16
6 0 16
1 0 17
1 0 18
1 0 19
1 0 20
1 0 21
0 0 22
6 36 24
1 36 25
1 36 26
1 36 27
0 36 28
5 38 18
1 38 19
1 38 20
1 38 21
3 38 22
0 39 22
5 9 14
1 9 15
3 9 16
2 10 16
2 11 16
2 12 16
2 13 16
2 14 16
0 15 16
4 34 21
2 33 21
2 32 21
0 31 21
6 16 33
1 16 34
1 16 35
1 16 36
1 16 37
1 16 38
1 16 39
1 16 40
1 16 41
1 16 42
1 16 43
1 16 44
1 16 45
0 16 46
6 17 32
2 18 32
4 19 32
1 19 31
1 19 30
0 19 29
-1
-1
-1
-1
-1
-1
-1
-1
-1
-1
-1
-1
-1
-1
-1
-1
-1
-1
-1
-1
-1
-1
-1
-1
-1
-1
-1
-1
-1
-1
-1
-1
-1
-1
-1
-1
-1
-1
-1
-1
-1
-1
-1
-1
-1
-1
-1
-1
-1
-1
-1
-1
-1
-1
-1
-1
-1
-1
-1
-1
-1
-1
-1
-1
-1
-1
-1
-1
-1
-1
-1
-1
-1
-1
-1
-1
-1
-1
-1
-1
-1
-1
-1
-1
-1
-1
-1
-1
-1
-1
-1
-1
-1
-1
-1
-1
-1
-1
-1
-1
-1
-1
-1
-1
-1
-1
-1
-1
-1
-1
-1
-1
-1
-1
-1
-1
-1
-1
-1
-1
-1
-1
-1
-1
-1
-1
-1
-1
-1
-1
-1
-1
-1
-1
-1
-1
-1
-1
-1
-1
-1
-1
-1
-1
-1
-1
-1
-1
-1
-1
-1
-1
-1
-1
-1
-1
-1
-1
-1
-1
-1
-1
-1
-1
-1
-1
-1
-1
-1
-1
-1
-1
-1
-1
-1
-1
-1
-1
-1
-1
-1
-1
-1
-1
-1
-1
-1
-1
-1
-1
-1
-1
-1
-1
-1
-1
-1
-1
-1
-1
-1
-1
-1
-1
-1
-1
-1
-1
-1
-1
-1
-1
-1
-1
-1
-1
-1
-1
-1
-1
-1
-1
-1
-1
-1
-1
-1
-1
-1
-1
-1
-1
-1
-1
-1
-1
-1
-1
-1
-1
-1
-1
-1
-1
-1
-1
-1
-1
-1
-1
-1
-1
-1
-1
-1
-1
-1
-1
-1
-1
-1
-1
-1
-1
-1
-1
-1
-1
-1
-1
-1
-1
-1
-1
-1
-1
-1
-1
-1
-1
-1
-1
-1
-1
-1
-1
-1
-1
-1
-1
-1
-1
-1
-1
-1
-1
-1
-1
-1
-1
-1
-1
-1
-1
-1
-1
-1
-1
-1
-1
-1
-1
-1
-1
-1
-1
-1
-1
-1
-1
-1
-1
-1
-1
-1
-1
-1
-1
-1
-1
-1
-1
-1
-1
-1
-1
-1
-1
-1
-1
-1
-1
-1
-1
-1
-1
-1
-1
-1
-1
-1
-1
-1
-1
-1
-1
-1
-1
-1
-1
-1
-1
-1
-1
-1
-1
-1
-1
-1
-1
-1
-1
-1
-1
-1
-1
-1
-1
-1
-1
-1
-1
-1
-1
-1
-1
-1
-1
-1
-1
-1
-1
-1
-1
-1
-1
-1
-1
-1
-1
-1
