0 20 5
1 20 6
1 20 7
1 20 8
1 20 9
1 20 10
1 20 11
1 20 12
1 20 13
1 20 14
1 20 15
1 20 16
1 20 17
1 20 18
1 20 19
1 20 20
1 20 21
1 20 22
1 20 23
1 20 24
1 20 25
1 20 26
1 20 27
1 20 28
1 20 29
1 20 30
1 20 31
1 20 32
1 20 33
1 20 34
1 20 35
1 20 36
1 20 37
1 20 38
3 20 39
2 21 39
2 22 39
2 23 39
2 24 39
2 25 39
2 26 39
2 27 39
2 28 39
2 29 39
2 30 39
2 31 39
2 32 39
2 33 39
2 34 39
2 35 39
2 36 39
2 37 39
2 38 39
2 39 39
2 40 39
2 41 39
2 42 39
2 43 39
0 44 39
1 44 38
1 44 37
1 44 36
1 44 35
1 44 34
1 44 33
1 44 32
1 44 31
1 44 30
1 44 29
1 44 28
1 44 27
1 44 26
1 44 25
1 44 24
1 44 23
1 44 22
1 44 21
1 44 20
1 44 19
1 44 18
1 44 17
1 44 16
1 44 15
1 44 14
0 44 13
4 44 40
6 43 40
1 43 41
-1
-1
-1
0 43 42
4 45 13
1 45 12
-1
-1
-1
-1
-1
0 45 11
2 43 13
2 42 13
6 41 13
1 41 14
1 41 15
1 41 16
1 41 17
1 41 18
1 41 19
1 41 20
1 41 21
1 41 22
1 41 23
1 41 24
1 41 25
1 41 26
1 41 27
1 41 28
1 41 29
1 41 30
1 41 31
1 41 32
1 41 33
1 41 34
0 41 35
5 21 5
1 21 6
3 21 7
2 22 7
2 23 7
0 24 7
4 45 39
1 45 38
1 45 37
1 45 36
1 45 35
1 45 34
1 45 33
0 45 32
2 19 5
2 18 5
2 17 5
2 16 5
2 15 5
2 14 5
2 13 5
2 12 5
2 11 5
2 10 5
2 9 5
2 8 5
2 7 5
2 6 5
2 5 5
6 4 5
1 4 6
1 4 7
1 4 8
1 4 9
1 4 10
1 4 11
1 4 12
1 4 13
1 4 14
1 4 15
1 4 16
1 4 17
1 4 18
1 4 19
1 4 20
1 4 21
1 4 22
1 4 23
1 4 24
1 4 25
0 4 26
6 20 4
2 21 4
4 22 4
1 22 3
0 22 2
1 43 43
3 43 44
2 44 44
2 45 44
2 46 44
0 47 44
2 5 26
2 6 26
2 7 26
2 8 26
2 9 26
2 10 26
2 11 26
2 12 26
2 13 26
4 14 26
1 14 25
1 14 24
1 14 23
1 14 22
1 14 21
1 14 20
1 14 19
1 14 18
1 14 17
1 14 16
1 14 15
1 14 14
1 14 13
1 14 12
1 14 11
1 14 10
1 14 9
1 14 8
1 14 7
0 14 6
2 42 42
2 41 42
2 40 42
2 39 42
2 38 42
2 37 42
2 36 42
2 35 42
2 34 42
2 33 42
2 32 42
2 31 42
2 30 42
2 29 42
2 28 42
2 27 42
2 26 42
2 25 42
6 24 42
1 24 43
1 24 44
1 24 45
1 24 46
0 24 47
2 21 2
2 20 2
2 19 2
2 18 2
2 17 2
2 16 2
2 15 2
2 14 2
0 13 2
2 44 11
2 43 11
3 42 11
1 42 10
1 42 9
0 42 8
2 42 35
4 43 35
1 43 34
1 43 33
0 43 32
5 15 6
3 15 7
2 16 7
0 17 7
2 40 35
2 39 35
2 38 35
2 37 35
2 36 35
2 35 35
2 34 35
0 33 35
4 47 45
2 46 45
2 45 45
2 44 45
2 43 45
2 42 45
2 41 45
2 40 45
2 39 45
3 38 45
1 38 44
0 38 43
2 25 47
2 26 47
4 27 47
1 27 46
0 27 45
5 46 11
1 46 12
1 46 13
1 46 14
0 46 15
6 33 34
2 34 34
2 35 34
2 36 34
2 37 34
2 38 34
2 39 34
4 40 34
1 40 33
1 40 32
1 40 31
1 40 30
1 40 29
1 40 28
0 40 27
2 39 27
2 38 27
2 37 27
2 36 27
6 35 27
1 35 28
1 35 29
0 35 30
1 41 36
3 41 37
2 42 37
0 43 37
5 44 12
2 43 12
2 42 12
0 41 12
1 4 27
1 4 28
1 4 29
1 4 30
1 4 31
3 4 32
2 5 32
0 6 32
2 23 2
0 24 2
-1
-1
-1
-1
-1
-1
-1
-1
-1
-1
-1
-1
-1
-1
-1
-1
-1
-1
-1
-1
-1
-1
-1
-1
-1
-1
-1
-1
-1
-1
-1
-1
-1
-1
-1
-1
-1
-1
-1
-1
-1
-1
-1
-1
-1
-1
-1
-1
-1
-1
-1
-1
-1
-1
-1
-1
-1
-1
-1
-1
-1
-1
-1
-1
-1
-1
-1
-1
-1
-1
-1
-1
-1
-1
-1
-1
-1
-1
-1
-1
-1
-1
-1
-1
-1
-1
-1
-1
-1
-1
-1
-1
-1
-1
-1
-1
-1
-1
-1
-1
-1
-1
-1
-1
-1
-1
-1
-1
-1
-1
-1
-1
-1
-1
-1
-1
-1
-1
-1
-1
-1
-1
-1
-1
-1
-1
-1
-1
-1
-1
-1
-1
-1
-1
-1
-1
-1
-1
-1
-1
-1
-1
-1
-1
-1
-1
-1
-1
-1
-1
-1
-1
-1
-1
-1
-1
-1
-1
-1
-1
-1
-1
-1
-1
-1
-1
-1
-1
-1
-1
-1
-1
-1
-1
-1
-1
-1
-1
-1
-1
-1
-1
-1
-1
-1
-1
-1
-1
-1
-1
-1
-1
-1
-1
-1
-1
-1
-1
-1
-1
-1
-1
-1
-1
-1
-1
-1
-1
-1
-1
-1
-1
-1
-1
-1
-1
-1
-1
-1
-1
-1
-1
-1
-1
-1
-1
-1
-1
-1
-1
-1
-1
-1
-1
-1
-1
-1
-1
-1
-1
-1
-1
-1
-1
-1
-1
-1
-1
-1
-1
-1
-1
-1
-1
-1
-1
-1
-1
-1
-1
-1
-1
-1
-1
-1
-1
-1
-1
-1
-1
-1
-1
-1
-1
-1
-1
-1
-1
-1
-1
-1
-1
-1
-1
-1
-1
-1
-1
-1
-1
-1
-1
-1
-1
-1
-1
-1
-1
-1
-1
-1
-1
-1
-1
-1
-1
-1
-1
-1
-1
-1
-1
-1
-1
-1
-1
-1
-1
-1
-1
-1
-1
-1
-1
-1
-1
-1
-1
-1
-1
-1
-1
-1
-1
-1
-1
-1
-1
-1
-1
-1
-1
-1
-1
-1
-1
-1
-1
-1
-1
-1
-1
-1
-1
-1
-1
-1
-1
-1
-1
-1
-1
-1
-1
-1
-1
-1
-1
-1
-1
-1
-1
-1
-1
-1
-1
-1
-1
-1
-1
-1
-1
-1
-1
-1
-1
-1
-1
-1
-1
-1
-1
-1
-1
-1
-1
-1
-1
-1
-1
-1
-1
-1
-1
-1
-1
-1
-1
-1
-1
-1
-1
-1
-1
-1
-1
-1
-1
-1
-1
-1
-1
-1
-1
-1
-1
-1
-1
-1
-1
-1
-1
-1
-1
-1
-1
-1
-1
-1
-1
-1
-1
-1
-1
-1
-1
-1
-1
-1
-1
-1
-1
-1
-1
-1
-1
-1
-1
-1
-1
-1
-1
-1
-1
