0 17 44
2 18 44
2 19 44
2 20 44
2 21 44
2 22 44
2 23 44
2 24 44
4 25 44
1 25 43
1 25 42
1 25 41
1 25 40
1 25 39
1 25 38
1 25 37
1 25 36
1 25 35
1 25 34
1 25 33
1 25 32
1 25 31
1 25 30
1 25 29
1 25 28
1 25 27
1 25 26
1 25 25
1 25 24
1 25 23
1 25 22
1 25 21
1 25 20
1 25 19
1 25 18
1 25 17
1 25 16
1 25 15
1 25 14
1 25 13
0 25 12
2 26 12
2 27 12
2 28 12
2 29 12
2 30 12
2 31 12
2 32 12
2 33 12
2 34 12
4 35 12
1 35 11
1 35 10
1 35 9
-1
-1
-1
-1
-1
-1
-1
-1
-1
-1
-1
-1
-1
-1
-1
-1
-1
-1
-1
-1
-1
-1
-1
-1
-1
-1
-1
-1
-1
-1
-1
-1
-1
-1
-1
-1
-1
-1
-1
-1
-1
-1
-1
-1
-1
-1
-1
-1
-1
-1
-1
-1
-1
-1
-1
-1
-1
-1
0 35 8
5 36 8
1 36 9
1 36 10
1 36 11
1 36 12
1 36 13
1 36 14
1 36 15
1 36 16
1 36 17
1 36 18
1 36 19
1 36 20
1 36 21
1 36 22
1 36 23
1 36 24
1 36 25
1 36 26
1 36 27
1 36 28
1 36 29
1 36 30
1 36 31
1 36 32
1 36 33
3 36 34
2 37 34
2 38 34
-1
-1
-1
-1
-1
-1
-1
-1
-1
-1
-1
-1
-1
-1
-1
-1
-1
-1
-1
-1
-1
-1
-1
-1
0 39 34
6 35 7
2 36 7
2 37 7
2 38 7
2 39 7
2 40 7
2 41 7
2 42 7
2 43 7
2 44 7
4 45 7
1 45 6
1 45 5
1 45 4
1 45 3
1 45 2
-1
-1
-1
-1
-1
-1
-1
-1
-1
-1
-1
-1
-1
-1
0 45 1
2 16 44
2 15 44
2 14 44
2 13 44
2 12 44
2 11 44
6 10 44
-1
-1
-1
-1
-1
-1
-1
-1
-1
-1
-1
-1
0 10 45
2 24 12
2 23 12
2 22 12
2 21 12
2 20 12
2 19 12
2 18 12
2 17 12
2 16 12
2 15 12
2 14 12
2 13 12
2 12 12
2 11 12
2 10 12
2 9 12
2 8 12
2 7 12
2 6 12
6 5 12
1 5 13
1 5 14
0 5 15
2 9 45
3 8 45
1 8 44
1 8 43
1 8 42
1 8 41
1 8 40
1 8 39
1 8 38
1 8 37
1 8 36
1 8 35
-1
0 8 34
5 46 1
1 46 2
1 46 3
1 46 4
1 46 5
1 46 6
1 46 7
1 46 8
1 46 9
1 46 10
1 46 11
1 46 12
1 46 13
1 46 14
3 46 15
2 47 15
2 48 15
0 49 15
4 39 35
2 38 35
2 37 35
2 36 35
6 35 35
1 35 36
1 35 37
0 35 38
6 34 38
1 34 39
1 34 40
1 34 41
-1
-1
-1
0 34 42
5 25 11
2 24 11
2 23 11
3 22 11
1 22 10
1 22 9
1 22 8
1 22 7
1 22 6
1 22 5
0 22 4
2 33 42
2 32 42
2 31 42
3 30 42
1 30 41
1 30 40
1 30 39
1 30 38
1 30 37
1 30 36
1 30 35
1 30 34
1 30 33
1 30 32
1 30 31
1 30 30
1 30 29
1 30 28
1 30 27
1 30 26
1 30 25
1 30 24
1 30 23
0 30 22
2 23 4
2 24 4
2 25 4
4 26 4
1 26 3
0 26 2
2 21 4
2 20 4
2 19 4
2 18 4
2 17 4
2 16 4
2 15 4
2 14 4
2 13 4
2 12 4
3 11 4
1 11 3
0 11 2
1 39 33
1 39 32
1 39 31
1 39 30
1 39 29
1 39 28
0 39 27
3 29 22
1 29 21
1 29 20
1 29 19
1 29 18
0 29 17
2 9 34
2 10 34
2 11 34
2 12 34
2 13 34
2 14 34
4 15 34
1 15 33
1 15 32
1 15 31
1 15 30
1 15 29
0 15 28
2 34 8
3 33 8
0 33 7
1 5 16
1 5 17
1 5 18
1 5 19
1 5 20
1 5 21
1 5 22
1 5 23
0 5 24
2 30 17
2 31 17
2 32 17
2 33 17
4 34 17
1 34 16
1 34 15
1 34 14
0 34 13
4 34 43
2 33 43
2 32 43
2 31 43
2 30 43
2 29 43
3 28 43
1 28 42
1 28 41
1 28 40
0 28 39
6 10 2
1 10 3
1 10 4
1 10 5
1 10 6
1 10 7
1 10 8
1 10 9
1 10 10
3 10 11
0 11 11
6 17 43
2 18 43
2 19 43
0 20 43
2 44 1
2 43 1
2 42 1
2 41 1
6 40 1
1 40 2
0 40 3
5 16 28
3 16 29
2 17 29
2 18 29
2 19 29
0 20 29
2 7 34
2 6 34
2 5 34
0 4 34
5 6 15
3 6 16
2 7 16
2 8 16
2 9 16
2 10 16
2 11 16
2 12 16
2 13 16
2 14 16
0 15 16
5 20 42
3 19 42
1 19 41
1 19 40
1 19 39
1 19 38
0 19 37
1 39 26
1 39 25
1 39 24
1 39 23
1 39 22
1 39 21
1 39 20
1 39 19
0 39 18
3 4 15
1 4 14
1 4 13
1 4 12
6 4 11
4 5 11
1 5 10
1 5 9
1 5 8
0 5 7
4 34 7
1 34 6
1 34 5
1 34 4
1 34 3
0 34 2
6 27 39
1 27 40
1 27 41
1 27 42
1 27 43
1 27 44
3 27 45
0 28 45
4 29 39
1 29 38
1 29 37
1 29 36
1 29 35
1 29 34
1 29 33
1 29 32
0 29 31
2 12 11
2 13 11
4 14 11
1 14 10
1 14 9
1 14 8
1 14 7
0 14 6
2 29 45
2 30 45
2 31 45
2 32 45
0 33 45
5 15 6
1 15 7
1 15 8
1 15 9
1 15 10
3 15 11
2 16 11
2 17 11
2 18 11
0 19 11
6 3 34
1 3 35
1 3 36
1 3 37
1 3 38
0 3 39
2 14 28
6 13 28
1 13 29
0 13 30
1 4 35
3 4 36
2 5 36
0 6 36
5 22 3
2 21 3
2 20 3
3 19 3
0 19 2
2 4 7
2 3 7
2 2 7
6 1 7
1 1 8
1 1 9
1 1 10
1 1 11
0 1 12
5 31 22
1 31 23
1 31 24
1 31 25
1 31 26
1 31 27
1 31 28
1 31 29
1 31 30
1 31 31
1 31 32
1 31 33
1 31 34
1 31 35
1 31 36
1 31 37
1 31 38
3 31 39
0 32 39
2 21 29
2 22 29
2 23 29
4 24 29
1 24 28
1 24 27
1 24 26
1 24 25
1 24 24
1 24 23
1 24 22
1 24 21
0 24 20
2 18 37
2 17 37
2 16 37
2 15 37
2 14 37
2 13 37
2 12 37
2 11 37
3 10 37
0 10 36
4 20 30
0 19 30
2 40 27
2 41 27
2 42 27
2 43 27
2 44 27
4 45 27
1 45 26
0 45 25
2 4 24
0 3 24
1 40 4
1 40 5
3 40 6
2 41 6
2 42 6
2 43 6
0 44 6
3 17 45
2 18 45
0 19 45
4 2 12
1 2 11
1 2 10
0 2 9
5 40 34
3 40 35
2 41 35
2 42 35
2 43 35
2 44 35
0 45 35
1 45 24
0 45 23
5 11 1
2 10 1
2 9 1
2 8 1
3 7 1
0 7 0
1 24 19
1 24 18
1 24 17
1 24 16
0 24 15
5 27 2
1 27 3
1 27 4
4 27 5
2 26 5
0 25 5
2 6 24
2 7 24
2 8 24
2 9 24
0 10 24
1 3 40
1 3 41
1 3 42
1 3 43
1 3 44
0 3 45
6 9 36
1 9 37
1 9 38
1 9 39
1 9 40
1 9 41
1 9 42
0 9 43
3 33 46
2 34 46
2 35 46
2 36 46
2 37 46
2 38 46
2 39 46
2 40 46
2 41 46
0 42 46
3 19 31
2 20 31
4 21 31
0 21 30
1 30 21
1 30 20
1 30 19
0 30 18
1 35 39
3 35 40
2 36 40
2 37 40
2 38 40
2 39 40
0 40 40
5 20 37
0 20 38
5 45 34
2 44 34
2 43 34
2 42 34
3 41 34
5 41 33
0 40 33
0 40 18
-1
-1
-1
-1
-1
-1
-1
-1
-1
-1
-1
-1
-1
-1
-1
-1
-1
-1
-1
-1
-1
-1
-1
-1
-1
-1
-1
-1
-1
-1
-1
-1
-1
-1
-1
-1
-1
-1
-1
-1
-1
-1
-1
-1
-1
-1
-1
-1
-1
-1
-1
-1
-1
-1
-1
-1
-1
-1
-1
-1
-1
-1
-1
-1
-1
-1
-1
-1
-1
-1
-1
-1
-1
-1
-1
-1
-1
-1
-1
-1
-1
-1
-1
-1
-1
-1
-1
-1
-1
-1
-1
-1
-1
-1
-1
-1
-1
-1
-1
-1
-1
-1
-1
-1
-1
-1
-1
-1
