0 36 13
1 36 14
1 36 15
1 36 16
1 36 17
1 36 18
1 36 19
1 36 20
1 36 21
1 36 22
1 36 23
1 36 24
1 36 25
1 36 26
1 36 27
1 36 28
1 36 29
1 36 30
1 36 31
3 36 32
2 37 32
0 38 32
4 38 33
2 37 33
2 36 33
2 35 33
2 34 33
2 33 33
2 32 33
2 31 33
2 30 33
2 29 33
2 28 33
2 27 33
2 26 33
2 25 33
6 24 33
1 24 34
1 24 35
1 24 36
1 24 37
1 24 38
1 24 39
-1
-1
-1
-1
-1
-1
-1
-1
-1
-1
-1
-1
-1
-1
-1
-1
-1
-1
-1
-1
-1
-1
-1
-1
-1
-1
-1
-1
-1
-1
-1
-1
-1
-1
-1
-1
-1
-1
-1
-1
-1
-1
-1
-1
-1
-1
-1
-1
-1
-1
-1
-1
-1
-1
-1
-1
-1
-1
-1
-1
-1
-1
-1
-1
-1
-1
-1
-1
-1
-1
-1
-1
-1
-1
-1
-1
-1
-1
-1
0 24 40
2 35 13
2 34 13
2 33 13
2 32 13
2 31 13
2 30 13
2 29 13
2 28 13
2 27 13
2 26 13
2 25 13
2 24 13
2 23 13
2 22 13
2 21 13
2 20 13
2 19 13
2 18 13
2 17 13
2 16 13
2 15 13
2 14 13
2 13 13
2 12 13
2 11 13
2 10 13
2 9 13
3 8 13
1 8 12
1 8 11
1 8 10
1 8 9
1 8 8
1 8 7
1 8 6
1 8 5
1 8 4
1 8 3
-1
-1
-1
-1
-1
-1
-1
-1
-1
-1
-1
-1
-1
-1
-1
-1
-1
-1
-1
-1
-1
-1
-1
-1
-1
-1
0 8 2
1 24 41
1 24 42
1 24 43
1 24 44
1 24 45
3 24 46
2 25 46
2 26 46
2 27 46
2 28 46
2 29 46
2 30 46
2 31 46
2 32 46
2 33 46
-1
-1
-1
-1
-1
-1
-1
-1
-1
-1
-1
-1
-1
-1
-1
-1
-1
0 34 46
2 23 40
2 22 40
2 21 40
2 20 40
2 19 40
2 18 40
2 17 40
2 16 40
2 15 40
2 14 40
3 13 40
1 13 39
1 13 38
1 13 37
1 13 36
-1
-1
-1
-1
-1
-1
-1
0 13 35
2 12 35
2 11 35
2 10 35
2 9 35
2 8 35
2 7 35
2 6 35
2 5 35
2 4 35
2 3 35
3 2 35
1 2 34
1 2 33
1 2 32
1 2 31
1 2 30
1 2 29
1 2 28
-1
-1
0 2 27
5 14 35
1 14 36
1 14 37
3 14 38
2 15 38
-1
-1
-1
-1
-1
-1
-1
-1
0 16 38
5 36 12
2 35 12
2 34 12
2 33 12
3 32 12
-1
-1
-1
-1
-1
-1
-1
-1
0 32 11
5 3 27
3 3 28
2 4 28
-1
-1
-1
-1
-1
-1
0 5 28
5 9 2
3 9 3
2 10 3
2 11 3
2 12 3
2 13 3
2 14 3
2 15 3
2 16 3
2 17 3
2 18 3
2 19 3
2 20 3
2 21 3
2 22 3
0 23 3
4 34 47
2 33 47
2 32 47
2 31 47
2 30 47
2 29 47
2 28 47
2 27 47
2 26 47
2 25 47
2 24 47
2 23 47
2 22 47
3 21 47
0 21 46
2 24 3
2 25 3
2 26 3
4 27 3
1 27 2
0 27 1
2 6 28
2 7 28
2 8 28
2 9 28
4 10 28
0 10 27
1 38 31
1 38 30
0 38 29
5 11 27
3 11 28
2 12 28
2 13 28
2 14 28
2 15 28
2 16 28
2 17 28
2 18 28
2 19 28
2 20 28
2 21 28
2 22 28
2 23 28
2 24 28
2 25 28
2 26 28
2 27 28
2 28 28
2 29 28
2 30 28
2 31 28
2 32 28
2 33 28
0 34 28
5 39 32
3 39 33
0 40 33
4 23 4
2 22 4
2 21 4
2 20 4
2 19 4
2 18 4
2 17 4
2 16 4
6 15 4
1 15 5
1 15 6
1 15 7
1 15 8
1 15 9
0 15 10
2 35 46
4 36 46
1 36 45
1 36 44
1 36 43
1 36 42
0 36 41
5 25 40
3 25 41
2 26 41
0 27 41
5 37 41
1 37 42
1 37 43
3 37 44
2 38 44
2 39 44
2 40 44
0 41 44
0 23 2
3 5 29
0 6 29
1 10 26
1 10 25
1 10 24
1 10 23
1 10 22
1 10 21
1 10 20
1 10 19
1 10 18
0 10 17
3 15 11
2 16 11
0 17 11
2 28 41
2 29 41
2 30 41
4 31 41
1 31 40
1 31 39
1 31 38
0 31 37
6 8 1
2 9 1
5 10 1
3 10 2
2 11 2
2 12 2
2 13 2
0 14 2
4 37 13
1 37 12
5 37 11
3 36 11
1 36 10
1 36 9
0 36 8
5 11 17
1 11 18
1 11 19
1 11 20
1 11 21
1 11 22
1 11 23
1 11 24
1 11 25
3 11 26
5 12 26
3 12 27
2 13 27
0 14 27
2 18 11
4 19 11
1 19 10
1 19 9
1 19 8
0 19 7
1 41 45
1 41 46
3 41 47
2 42 47
2 43 47
2 44 47
2 45 47
0 46 47
2 14 10
2 13 10
2 12 10
3 11 10
1 11 9
1 11 8
1 11 7
1 11 6
0 11 5
4 27 42
6 26 42
0 26 43
2 7 2
2 6 2
6 5 2
1 5 3
1 5 4
0 5 5
5 28 1
1 28 2
0 28 3
3 17 12
2 18 12
2 19 12
2 20 12
2 21 12
2 22 12
4 23 12
0 23 11
4 34 29
6 33 29
1 33 30
1 33 31
0 33 32
2 9 17
2 8 17
2 7 17
3 6 17
1 6 16
1 6 15
1 6 14
0 6 13
6 10 16
2 11 16
2 12 16
2 13 16
2 14 16
2 15 16
2 16 16
2 17 16
2 18 16
2 19 16
2 20 16
2 21 16
2 22 16
2 23 16
2 24 16
2 25 16
2 26 16
4 27 16
1 27 15
0 27 14
2 20 46
2 19 46
2 18 46
2 17 46
2 16 46
2 15 46
3 14 46
1 14 45
1 14 44
1 14 43
0 14 42
5 7 13
1 7 14
3 7 15
2 8 15
2 9 15
2 10 15
0 11 15
4 40 34
2 39 34
6 38 34
1 38 35
0 38 36
2 22 2
2 21 2
3 20 2
1 20 1
0 20 0
-1
-1
-1
-1
-1
-1
-1
-1
-1
-1
-1
-1
-1
-1
-1
-1
-1
-1
-1
-1
-1
-1
-1
-1
-1
-1
-1
-1
-1
-1
-1
-1
-1
-1
-1
-1
-1
-1
-1
-1
-1
-1
-1
-1
-1
-1
-1
-1
-1
-1
-1
-1
-1
-1
-1
-1
-1
-1
-1
-1
-1
-1
-1
-1
-1
-1
-1
-1
-1
-1
-1
-1
-1
-1
-1
-1
-1
-1
-1
-1
-1
-1
-1
-1
-1
-1
-1
-1
-1
-1
-1
-1
-1
-1
-1
-1
-1
-1
-1
-1
-1
-1
-1
-1
-1
-1
-1
-1
-1
-1
-1
-1
-1
-1
-1
-1
-1
-1
-1
-1
-1
-1
-1
-1
-1
-1
-1
-1
-1
-1
-1
-1
-1
-1
-1
-1
-1
-1
-1
-1
-1
-1
-1
-1
-1
-1
-1
-1
-1
-1
-1
-1
-1
-1
-1
-1
-1
-1
-1
-1
-1
-1
-1
-1
-1
-1
-1
-1
-1
-1
-1
-1
-1
-1
-1
-1
-1
-1
-1
-1
-1
-1
-1
-1
-1
-1
-1
-1
-1
-1
-1
-1
-1
-1
-1
-1
-1
-1
-1
-1
-1
-1
-1
-1
-1
-1
-1
-1
-1
-1
-1
-1
-1
-1
-1
-1
-1
-1
-1
-1
-1
-1
-1
-1
-1
-1
-1
-1
-1
-1
-1
-1
