0 0 9
1 0 10
1 0 11
1 0 12
1 0 13
1 0 14
1 0 15
1 0 16
1 0 17
1 0 18
1 0 19
1 0 20
1 0 21
1 0 22
1 0 23
1 0 24
1 0 25
1 0 26
1 0 27
1 0 28
1 0 29
1 0 30
1 0 31
1 0 32
1 0 33
1 0 34
1 0 35
1 0 36
1 0 37
1 0 38
1 0 39
1 0 40
1 0 41
1 0 42
1 0 43
1 0 44
1 0 45
3 0 46
2 1 46
2 2 46
2 3 46
2 4 46
2 5 46
2 6 46
2 7 46
2 8 46
2 9 46
2 10 46
2 11 46
2 12 46
2 13 46
2 14 46
2 15 46
2 16 46
2 17 46
2 18 46
2 19 46
2 20 46
2 21 46
2 22 46
2 23 46
2 24 46
2 25 46
2 26 46
2 27 46
2 28 46
2 29 46
2 30 46
2 31 46
2 32 46
2 33 46
2 34 46
2 35 46
2 36 46
2 37 46
2 38 46
2 39 46
2 40 46
0 41 46
5 41 45
2 40 45
2 39 45
2 38 45
2 37 45
2 36 45
2 35 45
2 34 45
2 33 45
2 32 45
2 31 45
2 30 45
2 29 45
2 28 45
2 27 45
2 26 45
2 25 45
2 24 45
-1
2 23 45
2 22 45
2 21 45
2 20 45
-1
2 19 45
3 18 45
1 18 44
-1
1 18 43
1 18 42
1 18 41
1 18 40
-1
1 18 39
1 18 38
1 18 37
1 18 36
-1
1 18 35
-1
-1
-1
-1
-1
-1
-1
-1
-1
-1
-1
-1
-1
-1
-1
-1
-1
-1
-1
-1
-1
-1
-1
-1
-1
-1
-1
-1
-1
-1
-1
-1
-1
-1
-1
-1
-1
-1
-1
-1
-1
-1
-1
-1
-1
-1
-1
-1
-1
-1
-1
-1
-1
-1
-1
-1
-1
-1
-1
-1
-1
-1
0 18 34
2 19 34
2 20 34
2 21 34
2 22 34
2 23 34
2 24 34
2 25 34
2 26 34
2 27 34
2 28 34
2 29 34
2 30 34
2 31 34
2 32 34
2 33 34
4 34 34
1 34 33
1 34 32
1 34 31
1 34 30
1 34 29
1 34 28
1 34 27
1 34 26
1 34 25
1 34 24
1 34 23
-1
-1
-1
-1
-1
-1
-1
-1
-1
-1
-1
-1
-1
-1
-1
-1
-1
-1
-1
-1
-1
-1
-1
-1
-1
-1
-1
-1
-1
-1
-1
-1
-1
-1
-1
-1
-1
-1
-1
-1
0 34 22
2 17 34
2 16 34
2 15 34
2 14 34
2 13 34
2 12 34
6 11 34
1 11 35
1 11 36
1 11 37
1 11 38
1 11 39
1 11 40
-1
-1
-1
-1
-1
-1
-1
-1
-1
-1
-1
-1
-1
-1
-1
-1
-1
-1
-1
-1
-1
-1
-1
-1
-1
-1
-1
-1
-1
-1
0 11 41
2 35 22
2 36 22
2 37 22
4 38 22
1 38 21
1 38 20
1 38 19
1 38 18
1 38 17
1 38 16
1 38 15
1 38 14
1 38 13
1 38 12
1 38 11
1 38 10
1 38 9
1 38 8
1 38 7
1 38 6
-1
-1
-1
-1
-1
-1
-1
-1
-1
-1
-1
-1
-1
-1
-1
-1
-1
0 38 5
2 37 5
2 36 5
2 35 5
2 34 5
2 33 5
2 32 5
2 31 5
2 30 5
2 29 5
2 28 5
6 27 5
1 27 6
1 27 7
1 27 8
1 27 9
-1
-1
-1
-1
-1
-1
-1
-1
-1
-1
-1
0 27 10
4 42 46
1 42 45
5 42 44
2 41 44
2 40 44
2 39 44
2 38 44
-1
-1
-1
-1
-1
-1
-1
-1
-1
-1
-1
0 37 44
4 1 9
1 1 8
1 1 7
1 1 6
1 1 5
1 1 4
1 1 3
-1
-1
-1
-1
-1
-1
-1
-1
0 1 2
2 36 44
2 35 44
3 34 44
1 34 43
1 34 42
1 34 41
1 34 40
1 34 39
1 34 38
1 34 37
-1
-1
-1
0 34 36
2 10 41
2 9 41
2 8 41
2 7 41
3 6 41
1 6 40
1 6 39
1 6 38
1 6 37
1 6 36
1 6 35
0 6 34
5 39 5
1 39 6
1 39 7
3 39 8
2 40 8
2 41 8
2 42 8
2 43 8
2 44 8
-1
0 45 8
2 35 36
2 36 36
2 37 36
2 38 36
4 39 36
1 39 35
1 39 34
1 39 33
1 39 32
1 39 31
1 39 30
1 39 29
1 39 28
1 39 27
0 39 26
6 38 4
2 39 4
2 40 4
4 41 4
1 41 3
1 41 2
1 41 1
0 41 0
2 33 36
2 32 36
2 31 36
2 30 36
2 29 36
6 28 36
1 28 37
0 28 38
5 2 2
1 2 3
1 2 4
1 2 5
1 2 6
1 2 7
1 2 8
1 2 9
4 2 10
6 1 10
1 1 11
1 1 12
1 1 13
1 1 14
1 1 15
1 1 16
1 1 17
1 1 18
0 1 19
1 28 39
3 28 40
2 29 40
2 30 40
2 31 40
2 32 40
0 33 40
2 2 19
4 3 19
1 3 18
1 3 17
1 3 16
1 3 15
1 3 14
1 3 13
1 3 12
0 3 11
5 40 26
3 40 27
2 41 27
2 42 27
2 43 27
2 44 27
2 45 27
0 46 27
5 45 7
2 44 7
2 43 7
3 42 7
1 42 6
0 42 5
3 1 20
2 2 20
2 3 20
2 4 20
2 5 20
2 6 20
2 7 20
2 8 20
2 9 20
2 10 20
2 11 20
2 12 20
2 13 20
0 14 20
3 41 47
2 42 47
2 43 47
2 44 47
2 45 47
4 46 47
1 46 46
1 46 45
1 46 44
1 46 43
1 46 42
1 46 41
0 46 40
2 7 34
2 8 34
4 9 34
1 9 33
0 9 32
2 26 10
2 25 10
2 24 10
2 23 10
2 22 10
2 21 10
2 20 10
2 19 10
2 18 10
3 17 10
1 17 9
1 17 8
1 17 7
1 17 6
1 17 5
0 17 4
2 38 26
2 37 26
6 36 26
1 36 27
1 36 28
1 36 29
0 36 30
4 46 28
2 45 28
6 44 28
1 44 29
1 44 30
0 44 31
6 1 1
2 2 1
5 3 1
3 3 2
2 4 2
2 5 2
2 6 2
2 7 2
0 8 2
4 45 9
2 44 9
2 43 9
0 42 9
2 18 4
2 19 4
2 20 4
2 21 4
2 22 4
4 23 4
0 23 3
2 33 22
6 32 22
1 32 23
1 32 24
1 32 25
1 32 26
1 32 27
1 32 28
0 32 29
-1
-1
-1
-1
-1
-1
-1
-1
-1
-1
-1
-1
-1
-1
-1
-1
-1
-1
-1
-1
-1
-1
-1
-1
-1
-1
-1
-1
-1
-1
-1
-1
-1
-1
-1
-1
-1
-1
-1
-1
-1
-1
-1
-1
-1
-1
-1
-1
-1
-1
-1
-1
-1
-1
-1
-1
-1
-1
-1
-1
-1
-1
-1
-1
-1
-1
-1
-1
-1
-1
-1
-1
-1
-1
-1
-1
-1
-1
-1
-1
-1
-1
-1
-1
-1
-1
-1
-1
-1
-1
-1
-1
-1
-1
-1
-1
-1
-1
-1
-1
-1
-1
-1
-1
-1
-1
-1
-1
-1
-1
-1
-1
-1
-1
-1
-1
-1
-1
-1
-1
-1
-1
-1
-1
-1
-1
-1
-1
-1
-1
-1
-1
-1
-1
-1
-1
-1
-1
-1
-1
-1
-1
-1
-1
-1
-1
-1
-1
-1
-1
-1
-1
-1
-1
-1
-1
-1
-1
-1
-1
-1
-1
-1
-1
-1
-1
-1
-1
-1
-1
-1
-1
-1
-1
-1
-1
-1
-1
-1
-1
-1
-1
-1
-1
-1
-1
-1
-1
-1
-1
-1
-1
-1
-1
-1
-1
-1
-1
-1
