0 34 18
6 33 18
1 33 19
1 33 20
1 33 21
1 33 22
1 33 23
1 33 24
1 33 25
1 33 26
1 33 27
1 33 28
1 33 29
1 33 30
1 33 31
1 33 32
1 33 33
1 33 34
1 33 35
1 33 36
1 33 37
1 33 38
1 33 39
1 33 40
1 33 41
1 33 42
1 33 43
0 33 44
2 32 44
2 31 44
2 30 44
6 29 44
-1
-1
-1
-1
-1
-1
0 29 45
5 34 17
2 33 17
2 32 17
2 31 17
2 30 17
2 29 17
2 28 17
2 27 17
2 26 17
2 25 17
2 24 17
2 23 17
2 22 17
2 21 17
3 20 17
0 20 16
2 19 16
2 18 16
2 17 16
2 16 16
2 15 16
2 14 16
2 13 16
2 12 16
2 11 16
2 10 16
2 9 16
2 8 16
2 7 16
2 6 16
6 5 16
0 5 17
4 35 18
1 35 17
1 35 16
1 35 15
0 35 14
3 33 45
2 34 45
-1
0 35 45
1 5 18
1 5 19
1 5 20
1 5 21
1 5 22
3 5 23
2 6 23
2 7 23
2 8 23
2 9 23
2 10 23
0 11 23
5 36 14
1 36 15
1 36 16
3 36 17
2 37 17
2 38 17
2 39 17
0 40 17
1 34 19
3 34 20
2 35 20
0 36 20
2 21 16
2 22 16
2 23 16
4 24 16
1 24 15
1 24 14
1 24 13
1 24 12
1 24 11
1 24 10
0 24 9
2 28 45
2 27 45
2 26 45
2 25 45
2 24 45
2 23 45
2 22 45
2 21 45
2 20 45
6 19 45
1 19 46
0 19 47
1 11 24
1 11 25
3 11 26
0 12 26
2 34 14
3 33 14
1 33 13
1 33 12
1 33 11
1 33 10
1 33 9
1 33 8
1 33 7
1 33 6
1 33 5
0 33 4
3 18 47
1 18 46
1 18 45
1 18 44
1 18 43
1 18 42
0 18 41
5 25 9
1 25 10
1 25 11
1 25 12
1 25 13
3 25 14
2 26 14
2 27 14
2 28 14
0 29 14
2 17 41
2 16 41
2 15 41
2 14 41
2 13 41
2 12 41
2 11 41
2 10 41
2 9 41
2 8 41
2 7 41
2 6 41
0 5 41
2 23 9
2 22 9
2 21 9
2 20 9
2 19 9
3 18 9
1 18 8
1 18 7
0 18 6
2 12 23
2 13 23
2 14 23
4 15 23
0 15 22
2 30 14
2 31 14
0 32 14
5 19 41
3 19 42
2 20 42
2 21 42
2 22 42
2 23 42
2 24 42
2 25 42
2 26 42
2 27 42
2 28 42
0 29 42
2 17 6
2 16 6
2 15 6
6 14 6
1 14 7
1 14 8
1 14 9
1 14 10
0 14 11
5 29 41
2 28 41
3 27 41
1 27 40
0 27 39
2 4 17
2 3 17
3 2 17
1 2 16
1 2 15
1 2 14
1 2 13
1 2 12
1 2 11
1 2 10
1 2 9
1 2 8
1 2 7
1 2 6
0 2 5
2 4 41
2 3 41
3 2 41
1 2 40
1 2 39
1 2 38
1 2 37
1 2 36
1 2 35
1 2 34
1 2 33
1 2 32
0 2 31
2 16 22
2 17 22
2 18 22
2 19 22
2 20 22
2 21 22
2 22 22
2 23 22
2 24 22
2 25 22
2 26 22
2 27 22
4 28 22
1 28 21
0 28 20
2 36 45
2 37 45
2 38 45
2 39 45
2 40 45
4 41 45
1 41 44
1 41 43
1 41 42
1 41 41
1 41 40
1 41 39
0 41 38
4 5 42
2 4 42
2 3 42
2 2 42
6 1 42
1 1 43
1 1 44
1 1 45
1 1 46
0 1 47
2 42 38
2 43 38
2 44 38
2 45 38
2 46 38
4 47 38
1 47 37
1 47 36
1 47 35
0 47 34
5 18 40
2 17 40
2 16 40
2 15 40
2 14 40
3 13 40
1 13 39
1 13 38
0 13 37
1 24 8
1 24 7
1 24 6
1 24 5
1 24 4
1 24 3
1 24 2
0 24 1
5 3 5
1 3 6
1 3 7
1 3 8
1 3 9
0 3 10
2 40 38
3 39 38
1 39 37
1 39 36
1 39 35
1 39 34
0 39 33
2 26 39
2 25 39
2 24 39
3 23 39
1 23 38
1 23 37
0 23 36
1 40 18
1 40 19
1 40 20
1 40 21
3 40 22
2 41 22
2 42 22
2 43 22
2 44 22
2 45 22
2 46 22
0 47 22
5 20 15
3 19 15
1 19 14
1 19 13
0 19 12
0 35 44
1 35 43
1 35 42
1 35 41
1 35 40
1 35 39
0 35 38
6 2 4
2 3 4
2 4 4
4 5 4
0 5 3
2 13 26
2 14 26
2 15 26
2 16 26
2 17 26
2 18 26
2 19 26
4 20 26
1 20 25
1 20 24
0 20 23
5 6 3
1 6 4
1 6 5
1 6 6
3 6 7
0 7 7
2 14 37
4 15 37
1 15 36
1 15 35
1 15 34
1 15 33
0 15 32
5 34 4
1 34 5
3 34 6
2 35 6
2 36 6
2 37 6
2 38 6
2 39 6
2 40 6
0 41 6
1 11 22
1 11 21
1 11 20
0 11 19
2 12 37
2 11 37
2 10 37
3 9 37
1 9 36
0 9 35
2 46 34
3 45 34
1 45 33
1 45 32
1 45 31
1 45 30
1 45 29
0 45 28
3 35 46
2 36 46
2 37 46
2 38 46
2 39 46
2 40 46
2 41 46
2 42 46
4 43 46
0 43 45
2 44 45
2 45 45
2 46 45
2 47 45
0 48 45
2 41 17
2 42 17
2 43 17
2 44 17
4 45 17
1 45 16
1 45 15
1 45 14
1 45 13
0 45 12
1 9 34
1 9 33
1 9 32
0 9 31
5 29 13
2 28 13
2 27 13
3 26 13
1 26 12
1 26 11
1 26 10
0 26 9
1 3 11
1 3 12
1 3 13
3 3 14
2 4 14
0 5 14
4 36 21
6 35 21
1 35 22
1 35 23
1 35 24
0 35 25
2 10 19
6 9 19
1 9 20
1 9 21
0 9 22
6 32 4
0 32 5
2 3 31
4 4 31
1 4 30
1 4 29
1 4 28
1 4 27
1 4 26
0 4 25
2 2 47
2 3 47
2 4 47
2 5 47
2 6 47
2 7 47
2 8 47
0 9 47
6 33 3
2 34 3
5 35 3
1 35 4
0 35 5
1 40 16
1 40 15
0 40 14
2 5 25
2 6 25
2 7 25
2 8 25
0 9 25
2 24 36
4 25 36
1 25 35
0 25 34
5 29 20
1 29 21
1 29 22
4 29 23
2 28 23
6 27 23
1 27 24
0 27 25
0 40 33
2 44 28
2 43 28
6 42 28
0 42 29
1 23 35
0 23 34
5 18 5
3 17 5
0 17 4
5 36 38
1 36 39
3 36 40
2 37 40
2 38 40
2 39 40
0 40 40
5 41 5
3 40 5
0 40 4
6 34 25
1 34 26
1 34 27
1 34 28
0 34 29
2 22 36
2 21 36
2 20 36
2 19 36
6 18 36
1 18 37
1 18 38
0 18 39
4 10 47
0 10 46
6 43 44
2 44 44
4 45 44
1 45 43
1 45 42
0 45 41
4 48 22
1 48 21
1 48 20
0 48 19
0 14 32
-1
-1
-1
-1
-1
-1
-1
-1
-1
-1
-1
-1
-1
-1
-1
-1
-1
-1
-1
-1
-1
-1
-1
-1
-1
-1
-1
-1
-1
-1
-1
-1
-1
-1
-1
-1
-1
-1
-1
-1
-1
-1
-1
-1
-1
-1
-1
-1
-1
-1
-1
-1
-1
-1
-1
-1
-1
-1
-1
-1
-1
-1
-1
-1
-1
-1
-1
-1
-1
-1
-1
-1
-1
-1
-1
-1
-1
-1
-1
-1
-1
-1
-1
-1
-1
-1
-1
-1
-1
-1
-1
-1
-1
-1
-1
-1
-1
-1
-1
-1
-1
-1
-1
-1
-1
-1
-1
-1
-1
-1
-1
-1
-1
-1
-1
-1
-1
-1
-1
-1
-1
-1
-1
-1
-1
-1
-1
-1
-1
-1
-1
-1
-1
-1
-1
-1
-1
-1
-1
-1
-1
-1
-1
-1
-1
-1
-1
-1
-1
-1
-1
-1
-1
-1
-1
-1
-1
-1
-1
-1
-1
-1
-1
-1
-1
-1
-1
-1
-1
-1
-1
-1
-1
-1
-1
-1
-1
-1
-1
-1
-1
-1
-1
-1
-1
-1
-1
-1
-1
-1
-1
-1
-1
-1
-1
-1
-1
-1
-1
-1
-1
-1
-1
-1
-1
-1
-1
-1
-1
-1
-1
-1
-1
-1
-1
-1
-1
-1
-1
-1
-1
-1
-1
-1
-1
-1
-1
-1
-1
-1
-1
-1
-1
-1
-1
-1
-1
-1
-1
-1
-1
-1
-1
-1
-1
-1
-1
