0 10 23
1 10 24
1 10 25
1 10 26
1 10 27
3 10 28
2 11 28
2 12 28
2 13 28
2 14 28
2 15 28
2 16 28
2 17 28
2 18 28
2 19 28
2 20 28
2 21 28
2 22 28
2 23 28
2 24 28
2 25 28
2 26 28
2 27 28
2 28 28
2 29 28
2 30 28
2 31 28
2 32 28
0 33 28
5 33 27
2 32 27
2 31 27
2 30 27
2 29 27
2 28 27
3 27 27
1 27 26
-1
-1
-1
-1
-1
-1
-1
-1
-1
-1
-1
-1
-1
-1
-1
-1
-1
-1
-1
-1
-1
-1
-1
-1
-1
-1
-1
-1
-1
-1
-1
-1
-1
0 27 25
2 9 23
2 8 23
2 7 23
2 6 23
2 5 23
2 4 23
2 3 23
3 2 23
1 2 22
1 2 21
1 2 20
1 2 19
1 2 18
1 2 17
1 2 16
-1
-1
-1
-1
-1
-1
-1
-1
-1
-1
-1
-1
-1
-1
-1
-1
-1
-1
-1
-1
-1
-1
-1
-1
-1
-1
-1
-1
-1
-1
-1
-1
-1
-1
-1
-1
-1
-1
-1
-1
-1
-1
-1
-1
-1
-1
-1
0 2 15
6 1 15
1 1 16
1 1 17
1 1 18
1 1 19
1 1 20
1 1 21
1 1 22
1 1 23
1 1 24
1 1 25
1 1 26
1 1 27
1 1 28
1 1 29
1 1 30
1 1 31
1 1 32
1 1 33
1 1 34
1 1 35
1 1 36
1 1 37
1 1 38
1 1 39
1 1 40
3 1 41
2 2 41
2 3 41
2 4 41
2 5 41
2 6 41
2 7 41
-1
-1
-1
-1
-1
-1
-1
-1
-1
-1
-1
-1
-1
-1
-1
-1
-1
-1
-1
-1
-1
-1
-1
-1
-1
-1
0 8 41
1 2 14
1 2 13
1 2 12
1 2 11
1 2 10
1 2 9
1 2 8
1 2 7
1 2 6
1 2 5
1 2 4
1 2 3
-1
-1
-1
-1
-1
-1
-1
-1
-1
-1
-1
-1
-1
-1
-1
-1
-1
-1
-1
-1
-1
-1
-1
0 2 2
1 33 29
1 33 30
1 33 31
1 33 32
1 33 33
1 33 34
1 33 35
1 33 36
1 33 37
1 33 38
1 33 39
1 33 40
1 33 41
1 33 42
1 33 43
1 33 44
1 33 45
1 33 46
3 33 47
2 34 47
2 35 47
2 36 47
2 37 47
2 38 47
2 39 47
2 40 47
2 41 47
2 42 47
2 43 47
2 44 47
2 45 47
-1
-1
-1
-1
-1
-1
0 46 47
2 11 23
2 12 23
-1
-1
-1
-1
-1
-1
-1
-1
-1
-1
-1
-1
-1
-1
0 13 23
5 46 46
2 45 46
2 44 46
2 43 46
2 42 46
2 41 46
2 40 46
2 39 46
-1
-1
-1
-1
-1
-1
-1
-1
0 38 46
5 3 2
1 3 3
1 3 4
1 3 5
1 3 6
1 3 7
3 3 8
2 4 8
-1
-1
-1
-1
-1
0 5 8
2 6 8
2 7 8
2 8 8
2 9 8
2 10 8
2 11 8
2 12 8
2 13 8
2 14 8
2 15 8
2 16 8
2 17 8
2 18 8
0 19 8
2 28 25
4 29 25
1 29 24
1 29 23
1 29 22
1 29 21
1 29 20
1 29 19
-1
0 29 18
2 9 41
2 10 41
2 11 41
2 12 41
2 13 41
2 14 41
2 15 41
2 16 41
2 17 41
2 18 41
2 19 41
2 20 41
2 21 41
2 22 41
2 23 41
2 24 41
2 25 41
2 26 41
2 27 41
4 28 41
1 28 40
1 28 39
1 28 38
1 28 37
1 28 36
1 28 35
1 28 34
1 28 33
1 28 32
1 28 31
0 28 30
2 14 23
4 15 23
1 15 22
1 15 21
1 15 20
1 15 19
0 15 18
1 8 42
1 8 43
1 8 44
1 8 45
3 8 46
2 9 46
2 10 46
2 11 46
2 12 46
2 13 46
2 14 46
2 15 46
2 16 46
0 17 46
5 16 18
1 16 19
3 16 20
2 17 20
2 18 20
0 19 20
5 34 28
3 34 29
2 35 29
2 36 29
2 37 29
2 38 29
2 39 29
2 40 29
2 41 29
2 42 29
2 43 29
2 44 29
0 45 29
2 28 18
3 27 18
1 27 17
1 27 16
1 27 15
1 27 14
1 27 13
0 27 12
2 26 12
2 25 12
2 24 12
2 23 12
0 22 12
4 46 29
1 46 28
1 46 27
1 46 26
1 46 25
1 46 24
1 46 23
1 46 22
1 46 21
1 46 20
1 46 19
1 46 18
1 46 17
1 46 16
1 46 15
1 46 14
1 46 13
1 46 12
0 46 11
6 26 25
0 26 26
5 29 30
1 29 31
1 29 32
1 29 33
1 29 34
1 29 35
1 29 36
1 29 37
1 29 38
0 29 39
5 27 11
3 26 11
1 26 10
1 26 9
0 26 8
1 22 13
1 22 14
1 22 15
3 22 16
2 23 16
0 24 16
2 27 30
2 26 30
2 25 30
2 24 30
2 23 30
2 22 30
2 21 30
2 20 30
2 19 30
2 18 30
3 17 30
0 17 29
2 30 39
2 31 39
4 32 39
1 32 38
1 32 37
1 32 36
1 32 35
0 32 34
2 16 29
2 15 29
2 14 29
2 13 29
2 12 29
2 11 29
2 10 29
2 9 29
2 8 29
2 7 29
2 6 29
3 5 29
1 5 28
1 5 27
1 5 26
1 5 25
0 5 24
1 19 21
1 19 22
3 19 23
2 20 23
0 21 23
2 27 8
2 28 8
2 29 8
2 30 8
2 31 8
4 32 8
1 32 7
1 32 6
0 32 5
1 29 40
1 29 41
3 29 42
0 30 42
2 31 5
3 30 5
1 30 4
1 30 3
1 30 2
0 30 1
5 17 45
2 16 45
2 15 45
2 14 45
2 13 45
2 12 45
2 11 45
2 10 45
0 9 45
1 30 43
1 30 44
1 30 45
1 30 46
0 30 47
6 38 45
4 39 45
1 39 44
1 39 43
1 39 42
1 39 41
1 39 40
0 39 39
1 13 24
1 13 25
3 13 26
2 14 26
2 15 26
2 16 26
0 17 26
1 5 9
1 5 10
0 5 11
1 5 12
3 5 13
2 6 13
2 7 13
2 8 13
2 9 13
0 10 13
4 45 30
2 44 30
2 43 30
2 42 30
2 41 30
2 40 30
2 39 30
2 38 30
2 37 30
6 36 30
0 36 31
5 45 28
2 44 28
3 43 28
1 43 27
0 43 26
6 8 40
2 9 40
2 10 40
2 11 40
2 12 40
2 13 40
2 14 40
2 15 40
2 16 40
2 17 40
2 18 40
2 19 40
2 20 40
2 21 40
2 22 40
2 23 40
2 24 40
2 25 40
4 26 40
1 26 39
0 26 38
2 45 11
2 44 11
2 43 11
2 42 11
3 41 11
1 41 10
0 41 9
5 40 39
1 40 40
1 40 41
3 40 42
2 41 42
0 42 42
5 17 25
2 16 25
2 15 25
3 14 25
0 14 24
3 17 47
2 18 47
2 19 47
0 20 47
2 42 26
2 41 26
2 40 26
2 39 26
2 38 26
2 37 26
2 36 26
0 35 26
-1
-1
-1
-1
-1
-1
-1
-1
-1
-1
-1
-1
-1
-1
-1
-1
-1
-1
-1
-1
-1
-1
-1
-1
-1
-1
-1
-1
-1
-1
-1
-1
-1
-1
-1
-1
-1
-1
-1
-1
-1
-1
-1
-1
-1
-1
-1
-1
-1
-1
-1
-1
-1
-1
-1
-1
-1
-1
-1
-1
-1
-1
-1
-1
-1
-1
-1
-1
-1
-1
-1
-1
-1
-1
-1
-1
-1
-1
-1
-1
-1
-1
-1
-1
-1
-1
-1
-1
-1
-1
-1
-1
-1
-1
-1
-1
-1
-1
-1
-1
-1
-1
-1
-1
-1
-1
-1
-1
-1
-1
-1
-1
-1
-1
-1
-1
-1
-1
-1
-1
-1
-1
-1
-1
-1
-1
-1
-1
-1
-1
-1
-1
-1
-1
-1
-1
-1
-1
-1
-1
-1
-1
-1
-1
-1
-1
-1
-1
-1
-1
-1
-1
-1
-1
-1
-1
-1
-1
-1
-1
-1
-1
-1
-1
-1
-1
-1
