0 18 19
1 18 20
1 18 21
1 18 22
1 18 23
1 18 24
1 18 25
1 18 26
1 18 27
1 18 28
1 18 29
3 18 30
2 19 30
0 20 30
4 20 31
2 19 31
2 18 31
-1
-1
-1
-1
2 17 31
-1
-1
-1
-1
-1
2 16 31
-1
-1
-1
-1
-1
2 15 31
-1
-1
-1
-1
-1
2 14 31
-1
-1
-1
-1
-1
2 13 31
-1
-1
-1
-1
-1
2 12 31
-1
-1
-1
-1
-1
2 11 31
-1
-1
-1
-1
2 10 31
-1
-1
-1
-1
-1
2 9 31
-1
-1
-1
-1
-1
2 8 31
-1
-1
-1
-1
-1
2 7 31
-1
-1
-1
-1
-1
2 6 31
-1
-1
-1
-1
-1
2 5 31
-1
-1
-1
-1
-1
2 4 31
-1
-1
-1
-1
-1
2 3 31
-1
-1
-1
-1
-1
2 2 31
-1
-1
-1
-1
2 1 31
-1
-1
-1
-1
-1
6 0 31
-1
-1
-1
-1
-1
1 0 32
-1
-1
-1
-1
-1
1 0 33
-1
-1
-1
-1
-1
1 0 34
-1
-1
-1
-1
-1
1 0 35
-1
-1
-1
-1
-1
1 0 36
-1
-1
-1
-1
-1
1 0 37
-1
-1
-1
-1
1 0 38
-1
-1
-1
-1
-1
1 0 39
-1
-1
-1
-1
-1
1 0 40
-1
-1
-1
-1
-1
1 0 41
-1
-1
-1
-1
-1
1 0 42
-1
-1
-1
-1
-1
1 0 43
-1
-1
-1
-1
-1
1 0 44
-1
-1
-1
-1
-1
1 0 45
-1
-1
-1
-1
-1
-1
-1
-1
-1
-1
-1
-1
-1
-1
-1
-1
-1
-1
-1
-1
-1
-1
-1
-1
-1
-1
-1
-1
-1
-1
-1
-1
-1
-1
-1
-1
-1
-1
-1
-1
-1
-1
-1
-1
-1
-1
-1
-1
-1
-1
-1
-1
-1
-1
-1
-1
-1
-1
-1
-1
-1
-1
-1
-1
-1
-1
-1
-1
-1
-1
-1
-1
-1
-1
-1
-1
-1
-1
-1
-1
-1
-1
-1
-1
-1
-1
-1
-1
-1
-1
-1
-1
-1
-1
-1
-1
-1
-1
-1
-1
-1
-1
-1
-1
-1
-1
-1
-1
-1
-1
-1
-1
-1
-1
-1
-1
-1
-1
-1
-1
-1
-1
-1
-1
-1
-1
-1
-1
-1
-1
-1
-1
-1
-1
-1
-1
-1
-1
-1
-1
-1
-1
-1
-1
-1
-1
-1
-1
-1
-1
-1
-1
-1
-1
-1
-1
-1
-1
-1
-1
-1
-1
-1
-1
-1
-1
-1
-1
-1
-1
-1
-1
-1
-1
-1
-1
-1
-1
-1
-1
-1
-1
-1
-1
-1
-1
-1
-1
-1
-1
-1
-1
-1
-1
-1
-1
-1
-1
-1
-1
-1
-1
-1
-1
-1
-1
-1
-1
-1
-1
-1
-1
-1
-1
-1
-1
-1
-1
-1
-1
-1
-1
-1
-1
-1
-1
-1
-1
-1
-1
-1
-1
-1
-1
-1
-1
-1
-1
-1
-1
-1
-1
-1
-1
-1
-1
-1
-1
-1
-1
-1
-1
-1
-1
-1
-1
-1
-1
-1
-1
-1
-1
-1
-1
-1
-1
-1
-1
-1
-1
-1
-1
-1
-1
-1
-1
-1
-1
-1
-1
-1
-1
-1
-1
-1
-1
-1
-1
-1
-1
-1
-1
-1
0 0 46
-1
5 21 30
-1
1 21 31
1 21 32
-1
1 21 33
-1
1 21 34
1 21 35
-1
1 21 36
-1
1 21 37
1 21 38
-1
1 21 39
-1
1 21 40
1 21 41
-1
3 21 42
-1
2 22 42
2 23 42
-1
2 24 42
-1
2 25 42
2 26 42
-1
2 27 42
-1
2 28 42
2 29 42
-1
2 30 42
-1
2 31 42
2 32 42
-1
2 33 42
-1
2 34 42
-1
-1
-1
-1
-1
-1
-1
-1
-1
-1
-1
-1
-1
-1
-1
-1
-1
-1
-1
-1
-1
-1
-1
-1
-1
-1
-1
-1
-1
-1
-1
-1
-1
-1
-1
-1
-1
-1
-1
-1
-1
-1
-1
-1
-1
-1
-1
-1
-1
-1
-1
-1
-1
-1
-1
-1
-1
-1
-1
-1
-1
-1
-1
-1
-1
-1
-1
-1
-1
-1
-1
-1
-1
-1
-1
-1
-1
-1
-1
-1
-1
-1
0 35 42
2 17 19
2 16 19
2 15 19
2 14 19
2 13 19
2 12 19
2 11 19
2 10 19
2 9 19
2 8 19
2 7 19
2 6 19
2 5 19
2 4 19
2 3 19
2 2 19
3 1 19
1 1 18
1 1 17
1 1 16
1 1 15
1 1 14
1 1 13
1 1 12
1 1 11
1 1 10
1 1 9
1 1 8
1 1 7
-1
-1
-1
-1
-1
-1
-1
-1
-1
-1
-1
-1
-1
-1
-1
-1
-1
-1
-1
-1
-1
-1
-1
-1
-1
-1
-1
0 1 6
-1
-1
-1
-1
-1
-1
-1
-1
-1
-1
-1
-1
-1
-1
-1
-1
-1
1 15 14
1 15 15
1 15 16
1 15 17
3 15 18
2 16 18
2 17 18
2 18 18
5 19 18
1 19 19
1 19 20
1 19 21
1 19 22
1 19 23
1 19 24
1 19 25
1 19 26
1 19 27
1 19 28
3 19 29
2 20 29
2 21 29
5 22 29
1 22 30
3 22 31
2 23 31
2 24 31
2 25 31
2 26 31
2 27 31
2 28 31
2 29 31
2 30 31
2 31 31
2 32 31
2 33 31
2 34 31
2 35 31
2 36 31
2 37 31
2 38 31
2 39 31
2 40 31
2 41 31
2 42 31
2 43 31
0 44 31
-1
-1
-1
-1
-1
-1
-1
-1
-1
-1
-1
-1
-1
-1
-1
-1
-1
-1
-1
-1
-1
-1
-1
-1
-1
-1
-1
-1
-1
-1
-1
-1
-1
-1
-1
-1
-1
-1
-1
-1
-1
-1
-1
-1
-1
-1
-1
-1
-1
-1
-1
-1
-1
