0 6 15
2 7 15
2 8 15
2 9 15
2 10 15
2 11 15
2 12 15
0 13 15
1 13 16
1 13 17
1 13 18
1 13 19
1 13 20
1 13 21
1 13 22
1 13 23
-1
1 13 24
-1
-1
-1
-1
1 13 25
-1
-1
-1
-1
-1
1 13 26
-1
-1
-1
-1
-1
1 13 27
-1
-1
-1
-1
1 13 28
-1
-1
-1
-1
-1
1 13 29
-1
-1
-1
-1
1 13 30
-1
-1
-1
-1
-1
1 13 31
-1
-1
-1
-1
1 13 32
-1
-1
-1
-1
-1
1 13 33
-1
-1
-1
-1
1 13 34
-1
-1
-1
-1
-1
1 13 35
-1
-1
-1
-1
-1
1 13 36
-1
-1
-1
-1
1 13 37
-1
-1
-1
-1
-1
1 13 38
-1
-1
-1
-1
1 13 39
-1
-1
-1
-1
-1
1 13 40
-1
-1
-1
-1
1 13 41
-1
-1
-1
-1
-1
1 13 42
-1
-1
-1
-1
1 13 43
-1
-1
-1
-1
-1
3 13 44
-1
-1
-1
-1
-1
2 14 44
-1
-1
-1
-1
2 15 44
-1
-1
-1
-1
-1
2 16 44
-1
-1
-1
-1
2 17 44
-1
-1
-1
-1
-1
2 18 44
-1
-1
-1
-1
2 19 44
-1
-1
-1
-1
-1
2 20 44
-1
-1
-1
-1
2 21 44
-1
-1
-1
-1
-1
2 22 44
-1
-1
-1
-1
-1
2 23 44
-1
-1
-1
-1
2 24 44
-1
-1
-1
-1
-1
2 25 44
-1
-1
-1
-1
2 26 44
-1
-1
-1
-1
-1
2 27 44
-1
-1
-1
-1
2 28 44
-1
-1
-1
-1
-1
2 29 44
-1
-1
-1
-1
2 30 44
-1
-1
-1
-1
-1
2 31 44
-1
-1
-1
-1
-1
2 32 44
-1
-1
-1
-1
2 33 44
-1
-1
-1
-1
-1
2 34 44
-1
-1
-1
-1
2 35 44
-1
-1
-1
-1
-1
2 36 44
-1
-1
-1
-1
2 37 44
-1
-1
-1
-1
-1
2 38 44
-1
-1
-1
-1
2 39 44
-1
-1
-1
-1
-1
2 40 44
-1
-1
-1
-1
-1
2 41 44
-1
-1
-1
-1
2 42 44
-1
-1
-1
-1
-1
2 43 44
-1
-1
-1
-1
2 44 44
-1
-1
-1
-1
-1
-1
-1
-1
-1
-1
-1
-1
-1
-1
-1
-1
-1
-1
-1
-1
-1
-1
-1
-1
-1
-1
-1
-1
-1
-1
-1
-1
-1
-1
-1
-1
-1
-1
-1
-1
-1
-1
-1
-1
-1
-1
-1
-1
-1
-1
-1
-1
-1
-1
-1
-1
-1
-1
-1
-1
-1
-1
-1
-1
-1
-1
-1
-1
-1
-1
-1
-1
-1
-1
-1
-1
-1
-1
-1
-1
-1
-1
-1
-1
-1
-1
-1
-1
-1
-1
-1
-1
-1
-1
-1
-1
-1
-1
-1
-1
-1
-1
-1
-1
-1
-1
-1
-1
-1
-1
-1
-1
-1
-1
-1
-1
-1
-1
-1
-1
-1
-1
-1
-1
-1
-1
-1
-1
-1
-1
-1
-1
-1
-1
-1
-1
-1
-1
-1
-1
-1
-1
-1
-1
-1
-1
-1
-1
-1
-1
-1
-1
-1
-1
-1
-1
-1
-1
-1
-1
-1
-1
-1
-1
-1
-1
-1
-1
-1
-1
-1
-1
-1
-1
-1
-1
-1
-1
-1
-1
-1
-1
-1
-1
-1
-1
-1
-1
-1
-1
-1
-1
-1
-1
-1
-1
-1
-1
-1
-1
-1
-1
-1
-1
-1
-1
-1
-1
-1
-1
-1
-1
-1
-1
-1
-1
-1
-1
-1
-1
-1
-1
-1
-1
-1
-1
-1
-1
-1
-1
-1
-1
-1
-1
-1
-1
-1
-1
-1
-1
-1
-1
-1
-1
-1
-1
-1
-1
-1
-1
-1
-1
-1
-1
-1
-1
-1
-1
-1
-1
-1
-1
-1
-1
-1
-1
-1
-1
-1
-1
-1
-1
-1
-1
-1
-1
-1
0 45 44
-1
2 14 15
2 15 15
2 16 15
2 17 15
2 18 15
2 19 15
4 20 15
1 20 14
-1
1 20 13
1 20 12
1 20 11
1 20 10
1 20 9
-1
-1
-1
-1
-1
-1
-1
-1
-1
-1
-1
-1
-1
-1
-1
-1
-1
-1
-1
-1
-1
-1
-1
-1
-1
-1
-1
-1
-1
-1
-1
-1
-1
-1
-1
-1
-1
-1
-1
-1
-1
-1
-1
-1
-1
-1
-1
-1
-1
-1
-1
-1
-1
-1
-1
-1
0 20 8
-1
-1
-1
-1
-1
-1
-1
-1
-1
-1
-1
-1
-1
-1
-1
-1
-1
-1
-1
-1
-1
-1
-1
-1
-1
-1
-1
-1
-1
-1
-1
-1
0 25 11
1 25 12
1 25 13
1 25 14
1 25 15
1 25 16
1 25 17
1 25 18
1 25 19
1 25 20
1 25 21
1 25 22
1 25 23
1 25 24
1 25 25
1 25 26
1 25 27
1 25 28
1 25 29
1 25 30
1 25 31
1 25 32
1 25 33
1 25 34
1 25 35
3 25 36
2 26 36
2 27 36
2 28 36
2 29 36
2 30 36
2 31 36
2 32 36
2 33 36
2 34 36
2 35 36
2 36 36
2 37 36
2 38 36
2 39 36
2 40 36
2 41 36
2 42 36
2 43 36
2 44 36
2 45 36
-1
-1
-1
-1
-1
-1
-1
-1
-1
-1
-1
-1
-1
-1
-1
-1
-1
0 46 36
-1
-1
-1
-1
-1
-1
-1
-1
-1
-1
-1
-1
-1
-1
-1
-1
-1
-1
-1
-1
-1
-1
-1
-1
-1
-1
-1
-1
-1
-1
-1
-1
-1
-1
-1
-1
-1
-1
-1
-1
-1
-1
-1
-1
-1
-1
-1
-1
-1
-1
-1
-1
-1
