0 17 22
2 18 22
2 19 22
2 20 22
2 21 22
2 22 22
2 23 22
4 24 22
1 24 21
1 24 20
1 24 19
1 24 18
1 24 17
1 24 16
1 24 15
1 24 14
1 24 13
1 24 12
1 24 11
1 24 10
1 24 9
1 24 8
1 24 7
1 24 6
1 24 5
0 24 4
1 17 23
1 17 24
1 17 25
1 17 26
1 17 27
1 17 28
3 17 29
2 18 29
2 19 29
2 20 29
2 21 29
-1
2 22 29
2 23 29
2 24 29
2 25 29
-1
2 26 29
2 27 29
2 28 29
-1
2 29 29
2 30 29
2 31 29
2 32 29
-1
2 33 29
2 34 29
2 35 29
-1
2 36 29
2 37 29
2 38 29
2 39 29
-1
2 40 29
2 41 29
2 42 29
-1
2 43 29
2 44 29
2 45 29
-1
-1
-1
-1
-1
-1
-1
-1
-1
-1
-1
-1
-1
-1
-1
-1
-1
-1
-1
-1
-1
-1
-1
-1
-1
-1
-1
-1
-1
-1
-1
-1
-1
-1
-1
-1
-1
-1
-1
-1
-1
-1
-1
-1
-1
-1
-1
-1
-1
-1
-1
-1
-1
-1
-1
-1
-1
-1
-1
-1
-1
-1
-1
0 46 29
2 16 22
2 15 22
2 14 22
2 13 22
2 12 22
6 11 22
1 11 23
1 11 24
1 11 25
1 11 26
1 11 27
1 11 28
1 11 29
1 11 30
1 11 31
1 11 32
1 11 33
1 11 34
1 11 35
1 11 36
1 11 37
1 11 38
1 11 39
1 11 40
1 11 41
1 11 42
1 11 43
1 11 44
1 11 45
1 11 46
-1
-1
-1
-1
-1
-1
-1
-1
-1
-1
-1
-1
0 11 47
4 46 30
2 45 30
2 44 30
2 43 30
2 42 30
2 41 30
2 40 30
6 39 30
1 39 31
1 39 32
1 39 33
1 39 34
1 39 35
1 39 36
1 39 37
1 39 38
1 39 39
-1
-1
-1
-1
-1
-1
-1
-1
0 39 40
2 10 47
2 9 47
3 8 47
1 8 46
1 8 45
1 8 44
1 8 43
-1
-1
-1
-1
-1
-1
-1
-1
-1
0 8 42
5 17 21
2 16 21
2 15 21
2 14 21
2 13 21
2 12 21
2 11 21
2 10 21
2 9 21
6 8 21
-1
-1
-1
0 8 22
2 38 40
3 37 40
1 37 39
1 37 38
1 37 37
1 37 36
1 37 35
-1
-1
-1
-1
0 37 34
2 7 22
2 6 22
2 5 22
2 4 22
2 3 22
-1
-1
-1
0 2 22
5 38 34
1 38 35
1 38 36
-1
-1
-1
-1
0 38 37
5 25 4
1 25 5
1 25 6
1 25 7
1 25 8
1 25 9
1 25 10
1 25 11
1 25 12
1 25 13
1 25 14
1 25 15
1 25 16
1 25 17
1 25 18
1 25 19
1 25 20
1 25 21
1 25 22
4 25 23
2 24 23
2 23 23
2 22 23
2 21 23
2 20 23
2 19 23
6 18 23
1 18 24
1 18 25
0 18 26
4 47 29
1 47 28
1 47 27
1 47 26
1 47 25
1 47 24
1 47 23
1 47 22
1 47 21
1 47 20
1 47 19
1 47 18
1 47 17
1 47 16
1 47 15
1 47 14
1 47 13
0 47 12
4 39 41
2 38 41
2 37 41
6 36 41
1 36 42
1 36 43
1 36 44
1 36 45
1 36 46
0 36 47
4 8 23
6 7 23
1 7 24
1 7 25
1 7 26
0 7 27
4 40 40
1 40 39
1 40 38
1 40 37
1 40 36
1 40 35
1 40 34
0 40 33
5 41 33
1 41 34
1 41 35
3 41 36
2 42 36
2 43 36
2 44 36
0 45 36
4 37 47
1 37 46
1 37 45
1 37 44
0 37 43
6 24 3
2 25 3
2 26 3
2 27 3
2 28 3
4 29 3
0 29 2
2 35 47
2 34 47
2 33 47
2 32 47
2 31 47
3 30 47
1 30 46
1 30 45
1 30 44
0 30 43
2 46 12
3 45 12
1 45 11
1 45 10
1 45 9
1 45 8
0 45 7
2 36 34
3 35 34
1 35 33
1 35 32
1 35 31
0 35 30
3 1 22
1 1 21
1 1 20
1 1 19
1 1 18
0 1 17
2 34 30
2 33 30
2 32 30
2 31 30
2 30 30
2 29 30
2 28 30
2 27 30
2 26 30
6 25 30
1 25 31
1 25 32
0 25 33
2 24 33
2 23 33
2 22 33
2 21 33
2 20 33
2 19 33
2 18 33
2 17 33
2 16 33
2 15 33
2 14 33
2 13 33
3 12 33
1 12 32
1 12 31
1 12 30
1 12 29
1 12 28
1 12 27
1 12 26
1 12 25
0 12 24
2 38 43
2 39 43
2 40 43
2 41 43
2 42 43
4 43 43
0 43 42
1 45 35
1 45 34
0 45 33
2 12 47
2 13 47
2 14 47
2 15 47
2 16 47
4 17 47
1 17 46
0 17 45
2 2 17
2 3 17
2 4 17
2 5 17
2 6 17
2 7 17
2 8 17
2 9 17
2 10 17
2 11 17
2 12 17
2 13 17
2 14 17
2 15 17
4 16 17
1 16 16
0 16 15
4 46 7
1 46 6
1 46 5
1 46 4
1 46 3
0 46 2
1 2 23
3 2 24
2 3 24
2 4 24
0 5 24
5 36 30
0 36 31
1 30 42
1 30 41
1 30 40
1 30 39
1 30 38
0 30 37
5 30 2
1 30 3
1 30 4
1 30 5
1 30 6
1 30 7
1 30 8
1 30 9
3 30 10
2 31 10
2 32 10
2 33 10
0 34 10
4 25 34
2 24 34
0 23 34
5 46 28
2 45 28
2 44 28
2 43 28
2 42 28
2 41 28
3 40 28
1 40 27
0 40 26
2 18 45
2 19 45
4 20 45
1 20 44
1 20 43
1 20 42
1 20 41
0 20 40
-1
-1
-1
-1
-1
-1
-1
-1
-1
-1
-1
-1
-1
-1
-1
-1
-1
-1
-1
-1
-1
-1
-1
-1
-1
-1
-1
-1
-1
-1
-1
-1
-1
-1
-1
-1
-1
-1
-1
-1
-1
-1
-1
-1
-1
-1
-1
-1
-1
-1
-1
-1
-1
-1
-1
-1
-1
-1
-1
-1
-1
-1
-1
-1
-1
-1
-1
-1
-1
-1
-1
-1
-1
-1
-1
-1
-1
-1
-1
-1
-1
-1
-1
-1
-1
-1
-1
-1
-1
-1
-1
-1
-1
-1
-1
-1
-1
-1
-1
-1
-1
-1
-1
-1
-1
-1
-1
-1
-1
-1
-1
-1
-1
-1
-1
-1
-1
-1
-1
-1
-1
-1
-1
-1
-1
-1
-1
-1
-1
-1
-1
-1
-1
-1
-1
-1
-1
-1
-1
-1
-1
-1
-1
-1
-1
-1
-1
-1
-1
-1
-1
-1
-1
-1
-1
-1
-1
-1
-1
-1
-1
-1
-1
-1
-1
-1
-1
-1
-1
-1
-1
-1
-1
-1
-1
-1
-1
-1
-1
-1
-1
-1
-1
-1
-1
-1
-1
-1
-1
-1
-1
-1
-1
-1
-1
-1
-1
-1
-1
-1
-1
-1
-1
-1
-1
-1
-1
-1
-1
-1
-1
-1
-1
-1
-1
-1
-1
-1
-1
-1
-1
-1
-1
-1
-1
-1
-1
-1
-1
-1
-1
-1
-1
-1
-1
-1
-1
-1
-1
-1
-1
-1
-1
-1
-1
-1
-1
-1
-1
-1
-1
-1
-1
-1
-1
-1
-1
-1
-1
-1
-1
-1
-1
-1
-1
-1
-1
-1
-1
-1
-1
-1
-1
-1
-1
-1
-1
-1
-1
-1
-1
-1
-1
-1
-1
-1
-1
-1
-1
-1
-1
-1
-1
-1
-1
-1
