0 8 33
2 9 33
2 10 33
2 11 33
2 12 33
2 13 33
2 14 33
2 15 33
2 16 33
2 17 33
2 18 33
2 19 33
2 20 33
2 21 33
2 22 33
2 23 33
2 24 33
2 25 33
2 26 33
2 27 33
2 28 33
2 29 33
2 30 33
2 31 33
2 32 33
2 33 33
2 34 33
2 35 33
2 36 33
2 37 33
2 38 33
2 39 33
2 40 33
2 41 33
2 42 33
4 43 33
1 43 32
1 43 31
1 43 30
1 43 29
1 43 28
1 43 27
1 43 26
1 43 25
1 43 24
1 43 23
1 43 22
1 43 21
1 43 20
1 43 19
1 43 18
1 43 17
1 43 16
1 43 15
1 43 14
1 43 13
1 43 12
1 43 11
1 43 10
1 43 9
1 43 8
1 43 7
0 43 6
6 8 32
2 9 32
2 10 32
4 11 32
1 11 31
1 11 30
1 11 29
1 11 28
1 11 27
1 11 26
1 11 25
1 11 24
1 11 23
1 11 22
1 11 21
1 11 20
1 11 19
1 11 18
1 11 17
1 11 16
1 11 15
1 11 14
1 11 13
1 11 12
1 11 11
1 11 10
1 11 9
1 11 8
-1
-1
-1
-1
-1
-1
-1
-1
0 11 7
2 42 6
2 41 6
2 40 6
2 39 6
6 38 6
1 38 7
1 38 8
1 38 9
1 38 10
1 38 11
1 38 12
1 38 13
1 38 14
1 38 15
1 38 16
1 38 17
1 38 18
1 38 19
1 38 20
1 38 21
1 38 22
1 38 23
1 38 24
-1
-1
-1
-1
-1
-1
-1
-1
-1
-1
-1
-1
-1
-1
-1
-1
-1
-1
-1
-1
-1
-1
0 38 25
2 7 33
2 6 33
2 5 33
2 4 33
2 3 33
3 2 33
1 2 32
1 2 31
1 2 30
1 2 29
1 2 28
1 2 27
-1
-1
-1
-1
-1
-1
-1
-1
-1
-1
-1
-1
-1
-1
-1
-1
-1
-1
0 2 26
1 8 34
1 8 35
3 8 36
2 9 36
2 10 36
2 11 36
2 12 36
2 13 36
2 14 36
2 15 36
2 16 36
2 17 36
2 18 36
2 19 36
2 20 36
2 21 36
2 22 36
2 23 36
2 24 36
2 25 36
2 26 36
2 27 36
2 28 36
2 29 36
2 30 36
2 31 36
2 32 36
2 33 36
-1
-1
-1
0 34 36
5 12 7
1 12 8
1 12 9
1 12 10
3 12 11
2 13 11
2 14 11
2 15 11
2 16 11
-1
-1
-1
-1
-1
-1
-1
-1
-1
-1
-1
0 17 11
5 3 26
1 3 27
1 3 28
1 3 29
-1
-1
-1
-1
-1
-1
-1
-1
-1
-1
-1
0 3 30
-1
-1
-1
-1
-1
-1
-1
-1
-1
-1
-1
-1
-1
0 44 6
1 44 7
1 44 8
3 44 9
-1
-1
-1
-1
-1
-1
-1
-1
-1
0 45 9
1 17 12
1 17 13
1 17 14
1 17 15
1 17 16
1 17 17
1 17 18
1 17 19
1 17 20
1 17 21
1 17 22
1 17 23
1 17 24
1 17 25
1 17 26
1 17 27
1 17 28
3 17 29
2 18 29
2 19 29
0 20 29
5 18 11
1 18 12
1 18 13
3 18 14
2 19 14
2 20 14
2 21 14
2 22 14
2 23 14
2 24 14
2 25 14
2 26 14
2 27 14
2 28 14
2 29 14
0 30 14
4 20 30
2 19 30
2 18 30
2 17 30
3 16 30
1 16 29
1 16 28
1 16 27
1 16 26
1 16 25
1 16 24
1 16 23
0 16 22
2 37 25
2 36 25
2 35 25
6 34 25
1 34 26
1 34 27
1 34 28
0 34 29
6 1 26
1 1 27
1 1 28
1 1 29
1 1 30
1 1 31
1 1 32
1 1 33
1 1 34
1 1 35
1 1 36
1 1 37
1 1 38
1 1 39
1 1 40
0 1 41
1 43 5
0 43 4
6 17 10
2 18 10
5 19 10
1 19 11
0 19 12
1 38 26
1 38 27
1 38 28
1 38 29
1 38 30
1 38 31
3 38 32
-1
0 39 32
2 20 12
2 21 12
2 22 12
-1
-1
-1
0 23 12
6 11 6
2 12 6
4 13 6
1 13 5
-1
-1
0 13 4
2 24 12
2 25 12
4 26 12
1 26 11
1 26 10
1 26 9
1 26 8
1 26 7
1 26 6
0 26 5
2 27 5
2 28 5
2 29 5
2 30 5
0 31 5
2 21 29
2 22 29
2 23 29
4 24 29
1 24 28
1 24 27
1 24 26
1 24 25
1 24 24
1 24 23
1 24 22
0 24 21
2 15 22
2 14 22
2 13 22
6 12 22
1 12 23
1 12 24
1 12 25
1 12 26
1 12 27
1 12 28
1 12 29
1 12 30
0 12 31
1 30 15
1 30 16
1 30 17
3 30 18
2 31 18
2 32 18
2 33 18
2 34 18
0 35 18
-1
-1
-1
-1
-1
-1
-1
-1
-1
-1
-1
-1
-1
-1
-1
-1
-1
-1
-1
-1
-1
-1
-1
-1
-1
-1
-1
-1
-1
-1
-1
-1
-1
-1
-1
-1
-1
-1
-1
-1
-1
-1
-1
-1
-1
-1
-1
-1
-1
-1
-1
-1
-1
-1
-1
-1
-1
-1
-1
-1
-1
-1
-1
-1
-1
-1
-1
-1
-1
-1
-1
-1
-1
-1
-1
-1
-1
-1
-1
-1
-1
-1
-1
-1
-1
-1
-1
-1
-1
-1
-1
-1
-1
-1
-1
-1
-1
-1
-1
-1
-1
-1
-1
-1
-1
-1
-1
-1
-1
-1
-1
-1
-1
-1
-1
-1
-1
-1
-1
-1
-1
-1
-1
-1
-1
-1
-1
-1
-1
-1
-1
-1
-1
-1
-1
-1
-1
-1
-1
-1
-1
-1
-1
-1
-1
-1
-1
-1
-1
-1
-1
-1
-1
-1
-1
-1
-1
-1
-1
-1
-1
-1
-1
-1
-1
-1
-1
-1
-1
-1
-1
-1
-1
-1
-1
-1
-1
-1
-1
-1
-1
-1
-1
-1
-1
-1
-1
-1
-1
-1
-1
-1
-1
-1
-1
-1
-1
-1
-1
-1
-1
-1
-1
-1
-1
-1
-1
-1
-1
-1
-1
-1
-1
-1
-1
-1
-1
-1
-1
-1
-1
-1
-1
-1
-1
-1
-1
-1
-1
-1
-1
-1
-1
-1
-1
-1
-1
-1
-1
-1
-1
-1
-1
-1
-1
-1
-1
-1
-1
-1
-1
-1
-1
-1
-1
-1
-1
-1
-1
-1
-1
-1
-1
-1
-1
-1
-1
-1
-1
-1
-1
-1
-1
-1
-1
-1
-1
-1
-1
-1
-1
-1
-1
-1
-1
-1
-1
-1
-1
-1
-1
-1
-1
-1
-1
-1
-1
-1
-1
-1
-1
-1
-1
-1
-1
-1
-1
-1
-1
-1
-1
-1
-1
-1
-1
-1
-1
-1
-1
-1
-1
-1
-1
-1
-1
-1
-1
-1
-1
-1
-1
-1
-1
-1
-1
-1
-1
-1
-1
-1
-1
-1
-1
-1
-1
-1
-1
-1
-1
-1
-1
-1
-1
-1
-1
-1
-1
-1
-1
-1
-1
-1
-1
-1
-1
-1
-1
-1
-1
-1
-1
-1
-1
-1
