0 17 42
2 18 42
2 19 42
2 20 42
2 21 42
2 22 42
2 23 42
2 24 42
2 25 42
2 26 42
2 27 42
2 28 42
2 29 42
2 30 42
2 31 42
2 32 42
2 33 42
2 34 42
2 35 42
2 36 42
2 37 42
2 38 42
2 39 42
2 40 42
2 41 42
2 42 42
2 43 42
2 44 42
4 45 42
1 45 41
1 45 40
1 45 39
1 45 38
1 45 37
1 45 36
1 45 35
1 45 34
1 45 33
1 45 32
1 45 31
1 45 30
1 45 29
1 45 28
1 45 27
1 45 26
1 45 25
1 45 24
1 45 23
1 45 22
1 45 21
1 45 20
1 45 19
1 45 18
1 45 17
1 45 16
1 45 15
1 45 14
1 45 13
0 45 12
2 16 42
2 15 42
2 14 42
2 13 42
2 12 42
2 11 42
2 10 42
2 9 42
2 8 42
2 7 42
2 6 42
2 5 42
2 4 42
2 3 42
2 2 42
3 1 42
1 1 41
1 1 40
1 1 39
1 1 38
1 1 37
1 1 36
1 1 35
1 1 34
1 1 33
1 1 32
1 1 31
1 1 30
1 1 29
1 1 28
1 1 27
1 1 26
1 1 25
1 1 24
1 1 23
1 1 22
1 1 21
1 1 20
1 1 19
1 1 18
1 1 17
1 1 16
1 1 15
-1
-1
-1
-1
-1
-1
-1
-1
0 1 14
1 17 43
1 17 44
1 17 45
3 17 46
2 18 46
2 19 46
2 20 46
2 21 46
2 22 46
2 23 46
2 24 46
-1
-1
-1
-1
-1
-1
-1
-1
-1
-1
-1
-1
-1
-1
-1
-1
-1
-1
-1
-1
-1
-1
-1
-1
-1
0 25 46
2 44 12
6 43 12
1 43 13
1 43 14
1 43 15
1 43 16
1 43 17
1 43 18
1 43 19
1 43 20
1 43 21
-1
-1
-1
-1
-1
-1
-1
-1
-1
-1
-1
-1
-1
-1
-1
-1
0 43 22
5 17 41
2 16 41
2 15 41
3 14 41
1 14 40
1 14 39
1 14 38
1 14 37
1 14 36
1 14 35
1 14 34
1 14 33
1 14 32
1 14 31
1 14 30
1 14 29
1 14 28
1 14 27
1 14 26
1 14 25
1 14 24
-1
0 14 23
2 42 22
2 41 22
2 40 22
2 39 22
2 38 22
2 37 22
2 36 22
2 35 22
2 34 22
2 33 22
2 32 22
6 31 22
1 31 23
1 31 24
1 31 25
1 31 26
1 31 27
1 31 28
1 31 29
1 31 30
0 31 31
5 46 12
1 46 13
1 46 14
1 46 15
1 46 16
1 46 17
-1
-1
-1
-1
0 46 18
2 15 23
2 16 23
4 17 23
1 17 22
1 17 21
1 17 20
1 17 19
1 17 18
1 17 17
1 17 16
1 17 15
1 17 14
1 17 13
1 17 12
1 17 11
1 17 10
0 17 9
5 45 11
2 44 11
2 43 11
2 42 11
2 41 11
6 40 11
1 40 12
1 40 13
0 40 14
2 30 31
2 29 31
2 28 31
2 27 31
2 26 31
2 25 31
0 24 31
2 13 23
2 12 23
2 11 23
2 10 23
2 9 23
6 8 23
1 8 24
1 8 25
0 8 26
1 46 19
1 46 20
1 46 21
1 46 22
1 46 23
1 46 24
3 46 25
0 47 25
5 18 9
1 18 10
3 18 11
2 19 11
2 20 11
0 21 11
4 31 32
6 30 32
1 30 33
1 30 34
1 30 35
1 30 36
1 30 37
1 30 38
0 30 39
4 21 12
2 20 12
2 19 12
6 18 12
1 18 13
0 18 14
1 30 40
3 30 41
2 31 41
2 32 41
0 33 41
2 39 14
2 38 14
2 37 14
2 36 14
2 35 14
3 34 14
1 34 13
1 34 12
1 34 11
0 34 10
4 25 47
2 24 47
2 23 47
2 22 47
2 21 47
2 20 47
2 19 47
2 18 47
2 17 47
2 16 47
2 15 47
2 14 47
2 13 47
2 12 47
2 11 47
2 10 47
2 9 47
2 8 47
2 7 47
3 6 47
1 6 46
1 6 45
0 6 44
2 7 26
2 6 26
2 5 26
2 4 26
2 3 26
6 2 26
1 2 27
1 2 28
1 2 29
1 2 30
1 2 31
1 2 32
1 2 33
0 2 34
1 24 30
1 24 29
1 24 28
1 24 27
1 24 26
1 24 25
1 24 24
1 24 23
1 24 22
0 24 21
4 47 18
1 47 17
1 47 16
1 47 15
1 47 14
1 47 13
1 47 12
5 47 11
3 46 11
1 46 10
1 46 9
1 46 8
1 46 7
1 46 6
1 46 5
1 46 4
1 46 3
0 46 2
3 2 35
2 3 35
2 4 35
2 5 35
2 6 35
0 7 35
2 32 31
4 33 31
1 33 30
1 33 29
1 33 28
1 33 27
1 33 26
1 33 25
0 33 24
2 8 35
2 9 35
2 10 35
2 11 35
4 12 35
1 12 34
0 12 33
4 43 23
2 42 23
6 41 23
1 41 24
1 41 25
0 41 26
6 16 9
1 16 10
1 16 11
1 16 12
1 16 13
1 16 14
1 16 15
0 16 16
4 40 15
2 39 15
2 38 15
2 37 15
2 36 15
2 35 15
6 34 15
0 34 16
2 23 21
2 22 21
2 21 21
2 20 21
2 19 21
6 18 21
1 18 22
1 18 23
1 18 24
0 18 25
2 29 39
2 28 39
2 27 39
0 26 39
5 17 8
2 16 8
2 15 8
2 14 8
2 13 8
2 12 8
2 11 8
3 10 8
1 10 7
1 10 6
1 10 5
1 10 4
1 10 3
0 10 2
5 25 21
1 25 22
1 25 23
1 25 24
1 25 25
1 25 26
1 25 27
1 25 28
3 25 29
2 26 29
2 27 29
2 28 29
2 29 29
0 30 29
5 25 45
2 24 45
2 23 45
0 22 45
2 33 16
2 32 16
2 31 16
2 30 16
2 29 16
2 28 16
0 27 16
5 7 44
1 7 45
3 7 46
2 8 46
0 9 46
2 15 16
2 14 16
2 13 16
2 12 16
3 11 16
1 11 15
1 11 14
0 11 13
2 23 31
2 22 31
2 21 31
2 20 31
2 19 31
6 18 31
1 18 32
1 18 33
1 18 34
0 18 35
6 40 26
1 40 27
1 40 28
1 40 29
1 40 30
1 40 31
1 40 32
1 40 33
0 40 34
1 34 17
1 34 18
1 34 19
3 34 20
2 35 20
0 36 20
2 21 45
2 20 45
2 19 45
0 18 45
5 34 24
1 34 25
1 34 26
1 34 27
3 34 28
0 35 28
-1
-1
-1
-1
-1
-1
-1
-1
-1
-1
-1
-1
-1
-1
-1
-1
-1
-1
-1
-1
-1
-1
-1
-1
-1
-1
-1
-1
-1
-1
-1
-1
-1
-1
-1
-1
-1
-1
-1
-1
-1
-1
-1
-1
-1
-1
-1
-1
-1
-1
-1
-1
-1
-1
-1
-1
-1
-1
-1
-1
-1
-1
-1
-1
-1
-1
-1
-1
-1
-1
-1
-1
-1
-1
-1
-1
-1
-1
-1
-1
-1
-1
-1
-1
-1
-1
-1
-1
-1
-1
-1
-1
-1
-1
-1
-1
-1
-1
-1
-1
-1
-1
-1
-1
-1
-1
-1
-1
-1
-1
-1
-1
-1
-1
-1
-1
-1
-1
-1
-1
-1
-1
-1
-1
-1
-1
-1
-1
-1
-1
-1
-1
-1
-1
-1
-1
-1
-1
-1
-1
-1
-1
-1
-1
-1
-1
-1
-1
-1
-1
-1
-1
-1
-1
-1
-1
-1
-1
-1
-1
-1
-1
-1
-1
-1
-1
-1
-1
-1
-1
-1
-1
-1
-1
-1
-1
-1
-1
-1
-1
-1
-1
-1
-1
-1
-1
-1
-1
-1
-1
-1
-1
-1
-1
-1
-1
-1
-1
-1
-1
-1
-1
-1
-1
-1
-1
-1
-1
-1
-1
-1
-1
-1
-1
-1
-1
-1
-1
-1
-1
-1
-1
-1
-1
-1
-1
-1
-1
-1
-1
-1
-1
-1
-1
-1
-1
-1
-1
-1
-1
-1
-1
-1
-1
-1
-1
-1
-1
-1
-1
-1
-1
-1
-1
-1
-1
-1
-1
-1
-1
-1
-1
-1
-1
-1
-1
-1
-1
-1
-1
-1
-1
-1
