0 9 11
1 9 12
1 9 13
1 9 14
1 9 15
1 9 16
1 9 17
1 9 18
1 9 19
1 9 20
1 9 21
1 9 22
1 9 23
1 9 24
1 9 25
1 9 26
1 9 27
1 9 28
1 9 29
1 9 30
1 9 31
1 9 32
1 9 33
1 9 34
1 9 35
1 9 36
1 9 37
1 9 38
1 9 39
1 9 40
1 9 41
1 9 42
1 9 43
1 9 44
1 9 45
1 9 46
3 9 47
2 10 47
2 11 47
2 12 47
2 13 47
2 14 47
2 15 47
2 16 47
2 17 47
2 18 47
2 19 47
2 20 47
2 21 47
2 22 47
2 23 47
2 24 47
2 25 47
2 26 47
2 27 47
2 28 47
2 29 47
2 30 47
2 31 47
2 32 47
2 33 47
2 34 47
2 35 47
2 36 47
2 37 47
2 38 47
2 39 47
2 40 47
2 41 47
2 42 47
0 43 47
-1
-1
-1
-1
-1
-1
-1
-1
-1
-1
-1
-1
-1
-1
-1
-1
-1
-1
-1
-1
-1
-1
-1
-1
-1
-1
-1
-1
-1
-1
-1
-1
-1
-1
-1
-1
-1
-1
-1
-1
-1
-1
-1
-1
-1
-1
-1
-1
-1
-1
-1
-1
0 10 10
1 10 11
-1
1 10 12
1 10 13
-1
1 10 14
1 10 15
1 10 16
-1
1 10 17
1 10 18
-1
1 10 19
1 10 20
-1
1 10 21
1 10 22
1 10 23
-1
1 10 24
1 10 25
-1
1 10 26
1 10 27
-1
1 10 28
1 10 29
1 10 30
-1
1 10 31
1 10 32
-1
1 10 33
1 10 34
-1
1 10 35
1 10 36
1 10 37
-1
1 10 38
1 10 39
-1
1 10 40
1 10 41
-1
1 10 42
1 10 43
1 10 44
-1
1 10 45
3 10 46
-1
2 11 46
2 12 46
-1
2 13 46
2 14 46
2 15 46
-1
2 16 46
2 17 46
-1
2 18 46
2 19 46
-1
2 20 46
2 21 46
2 22 46
-1
2 23 46
2 24 46
-1
2 25 46
2 26 46
-1
2 27 46
2 28 46
2 29 46
-1
2 30 46
2 31 46
-1
2 32 46
2 33 46
-1
2 34 46
2 35 46
2 36 46
-1
2 37 46
2 38 46
-1
2 39 46
2 40 46
-1
2 41 46
2 42 46
2 43 46
-1
5 44 46
3 44 47
-1
-1
-1
-1
-1
-1
-1
-1
-1
-1
-1
-1
-1
-1
-1
-1
-1
-1
-1
-1
-1
-1
-1
-1
-1
-1
-1
-1
-1
-1
-1
-1
-1
-1
-1
-1
-1
-1
-1
-1
-1
-1
-1
-1
-1
-1
-1
-1
-1
-1
-1
-1
-1
-1
-1
-1
-1
-1
-1
-1
-1
-1
-1
-1
-1
-1
-1
-1
-1
-1
-1
0 45 47
-1
-1
-1
-1
-1
-1
-1
-1
-1
-1
-1
-1
-1
-1
-1
-1
-1
-1
-1
-1
-1
-1
-1
-1
-1
-1
-1
-1
-1
-1
-1
-1
-1
-1
-1
-1
-1
-1
-1
-1
-1
-1
-1
-1
-1
-1
-1
-1
-1
-1
-1
-1
-1
-1
-1
-1
-1
-1
-1
-1
-1
-1
-1
-1
-1
-1
-1
-1
-1
-1
0 5 32
-1
2 6 32
2 7 32
4 8 32
-1
1 8 31
1 8 30
-1
1 8 29
1 8 28
-1
1 8 27
1 8 26
1 8 25
-1
1 8 24
1 8 23
-1
1 8 22
1 8 21
-1
1 8 20
1 8 19
1 8 18
-1
1 8 17
1 8 16
-1
1 8 15
1 8 14
-1
1 8 13
1 8 12
1 8 11
-1
6 8 10
4 9 10
-1
6 9 9
2 10 9
-1
2 11 9
2 12 9
2 13 9
-1
2 14 9
2 15 9
-1
2 16 9
2 17 9
-1
2 18 9
2 19 9
2 20 9
-1
2 21 9
2 22 9
-1
2 23 9
2 24 9
-1
2 25 9
2 26 9
2 27 9
-1
2 28 9
2 29 9
-1
2 30 9
2 31 9
-1
2 32 9
2 33 9
2 34 9
-1
2 35 9
2 36 9
-1
2 37 9
2 38 9
-1
2 39 9
2 40 9
2 41 9
-1
2 42 9
4 43 9
-1
1 43 8
1 43 7
-1
1 43 6
1 43 5
1 43 4
-1
1 43 3
1 43 2
-1
-1
-1
-1
-1
-1
-1
-1
-1
-1
-1
-1
-1
-1
-1
-1
-1
-1
-1
-1
-1
-1
-1
-1
-1
-1
-1
-1
-1
-1
-1
-1
-1
-1
-1
-1
-1
-1
-1
-1
-1
-1
-1
-1
-1
-1
-1
-1
-1
-1
-1
-1
-1
-1
-1
-1
-1
-1
-1
-1
-1
-1
-1
-1
-1
-1
-1
-1
-1
-1
-1
0 43 1
5 44 1
1 44 2
1 44 3
1 44 4
1 44 5
1 44 6
1 44 7
1 44 8
1 44 9
1 44 10
1 44 11
1 44 12
1 44 13
1 44 14
1 44 15
1 44 16
3 44 17
2 45 17
2 46 17
-1
-1
-1
-1
-1
-1
-1
-1
-1
-1
-1
-1
-1
-1
-1
-1
-1
-1
-1
-1
-1
-1
-1
-1
-1
-1
-1
-1
-1
-1
0 47 17
1 45 46
5 45 45
2 44 45
2 43 45
2 42 45
2 41 45
2 40 45
2 39 45
2 38 45
2 37 45
2 36 45
2 35 45
3 34 45
1 34 44
1 34 43
1 34 42
1 34 41
1 34 40
1 34 39
1 34 38
1 34 37
-1
-1
-1
-1
-1
-1
-1
-1
-1
-1
-1
-1
-1
-1
0 34 36
6 43 0
2 44 0
5 45 0
-1
-1
-1
-1
-1
-1
-1
-1
-1
-1
-1
-1
-1
-1
-1
-1
-1
-1
-1
-1
-1
-1
-1
0 45 1
2 35 36
4 36 36
1 36 35
-1
-1
-1
-1
-1
-1
-1
-1
-1
-1
-1
-1
-1
-1
-1
-1
-1
-1
-1
-1
-1
-1
-1
0 36 34
-1
-1
-1
-1
-1
-1
-1
-1
-1
-1
-1
-1
-1
-1
-1
-1
-1
-1
-1
-1
-1
-1
-1
-1
-1
-1
-1
-1
-1
-1
-1
-1
-1
-1
-1
-1
-1
-1
-1
-1
-1
-1
-1
-1
-1
-1
-1
-1
-1
-1
-1
-1
-1
-1
-1
-1
-1
-1
-1
-1
-1
-1
-1
-1
-1
-1
-1
-1
-1
-1
-1
-1
-1
-1
-1
-1
-1
-1
-1
-1
-1
-1
-1
-1
-1
-1
-1
-1
-1
-1
-1
-1
-1
-1
-1
-1
-1
-1
-1
-1
-1
-1
-1
-1
-1
-1
-1
-1
-1
-1
-1
-1
-1
-1
-1
-1
-1
-1
-1
-1
-1
-1
-1
