0 5 13
1 5 14
1 5 15
1 5 16
1 5 17
1 5 18
1 5 19
1 5 20
1 5 21
1 5 22
1 5 23
1 5 24
1 5 25
1 5 26
1 5 27
1 5 28
1 5 29
1 5 30
1 5 31
1 5 32
1 5 33
1 5 34
1 5 35
1 5 36
1 5 37
1 5 38
1 5 39
1 5 40
1 5 41
1 5 42
1 5 43
1 5 44
3 5 45
2 6 45
2 7 45
2 8 45
2 9 45
2 10 45
2 11 45
2 12 45
2 13 45
2 14 45
2 15 45
2 16 45
2 17 45
2 18 45
0 19 45
2 20 45
2 21 45
2 22 45
2 23 45
2 24 45
2 25 45
2 26 45
2 27 45
2 28 45
2 29 45
2 30 45
2 31 45
2 32 45
2 33 45
2 34 45
2 35 45
2 36 45
2 37 45
2 38 45
4 39 45
1 39 44
1 39 43
1 39 42
1 39 41
1 39 40
1 39 39
1 39 38
1 39 37
1 39 36
1 39 35
1 39 34
0 39 33
2 4 13
2 3 13
6 2 13
1 2 14
1 2 15
1 2 16
1 2 17
1 2 18
1 2 19
1 2 20
1 2 21
1 2 22
1 2 23
1 2 24
1 2 25
1 2 26
1 2 27
1 2 28
1 2 29
1 2 30
1 2 31
1 2 32
1 2 33
-1
-1
-1
-1
-1
-1
-1
-1
-1
-1
-1
-1
-1
-1
-1
-1
-1
-1
-1
-1
-1
-1
-1
-1
-1
0 2 34
1 39 32
1 39 31
1 39 30
1 39 29
1 39 28
1 39 27
1 39 26
1 39 25
1 39 24
1 39 23
1 39 22
1 39 21
1 39 20
1 39 19
1 39 18
1 39 17
1 39 16
1 39 15
1 39 14
1 39 13
1 39 12
1 39 11
-1
-1
-1
-1
-1
-1
-1
-1
-1
0 39 10
2 40 33
2 41 33
2 42 33
2 43 33
2 44 33
2 45 33
2 46 33
4 47 33
1 47 32
1 47 31
1 47 30
1 47 29
1 47 28
1 47 27
1 47 26
1 47 25
-1
-1
-1
-1
-1
-1
0 47 24
5 6 13
3 6 14
2 7 14
2 8 14
2 9 14
2 10 14
2 11 14
2 12 14
2 13 14
2 14 14
2 15 14
2 16 14
2 17 14
-1
-1
-1
0 18 14
1 2 35
3 2 36
-1
-1
-1
-1
-1
-1
-1
-1
-1
0 3 36
2 38 10
2 37 10
2 36 10
2 35 10
2 34 10
2 33 10
6 32 10
1 32 11
1 32 12
1 32 13
-1
0 32 14
5 39 9
2 38 9
3 37 9
1 37 8
1 37 7
1 37 6
1 37 5
-1
0 37 4
1 3 37
1 3 38
1 3 39
1 3 40
1 3 41
1 3 42
1 3 43
1 3 44
0 3 45
2 46 24
3 45 24
1 45 23
1 45 22
1 45 21
1 45 20
1 45 19
1 45 18
0 45 17
4 3 34
1 3 33
1 3 32
1 3 31
1 3 30
0 3 29
2 31 14
2 30 14
2 29 14
6 28 14
1 28 15
1 28 16
1 28 17
1 28 18
0 28 19
2 36 4
2 35 4
2 34 4
2 33 4
2 32 4
2 31 4
2 30 4
2 29 4
2 28 4
2 27 4
2 26 4
2 25 4
2 24 4
0 23 4
6 5 12
2 6 12
4 7 12
1 7 11
1 7 10
1 7 9
1 7 8
1 7 7
1 7 6
1 7 5
1 7 4
1 7 3
1 7 2
0 7 1
2 6 1
2 5 1
6 4 1
1 4 2
1 4 3
1 4 4
1 4 5
1 4 6
0 4 7
5 19 44
3 18 44
1 18 43
1 18 42
1 18 41
1 18 40
1 18 39
0 18 38
2 38 33
2 37 33
6 36 33
1 36 34
1 36 35
1 36 36
1 36 37
1 36 38
0 36 39
2 19 38
4 20 38
1 20 37
1 20 36
0 20 35
4 18 15
2 17 15
2 16 15
6 15 15
1 15 16
1 15 17
1 15 18
1 15 19
1 15 20
1 15 21
0 15 22
2 14 22
2 13 22
2 12 22
2 11 22
2 10 22
2 9 22
6 8 22
0 8 23
4 40 10
0 40 9
3 23 5
2 24 5
2 25 5
2 26 5
2 27 5
2 28 5
2 29 5
0 30 5
3 7 23
1 7 22
1 7 21
1 7 20
1 7 19
1 7 18
1 7 17
1 7 16
0 7 15
1 28 20
1 28 21
1 28 22
1 28 23
1 28 24
3 28 25
2 29 25
2 30 25
2 31 25
2 32 25
2 33 25
2 34 25
2 35 25
0 36 25
5 41 9
1 41 10
0 41 11
2 27 19
2 26 19
2 25 19
6 24 19
1 24 20
0 24 21
5 8 1
1 8 2
1 8 3
1 8 4
3 8 5
2 9 5
2 10 5
2 11 5
2 12 5
0 13 5
2 21 35
2 22 35
2 23 35
2 24 35
2 25 35
4 26 35
1 26 34
0 26 33
2 44 17
2 43 17
2 42 17
6 41 17
1 41 18
1 41 19
1 41 20
1 41 21
1 41 22
0 41 23
3 2 45
1 2 44
0 2 43
1 32 15
3 32 16
2 33 16
2 34 16
0 35 16
5 36 24
2 35 24
3 34 24
1 34 23
1 34 22
0 34 21
4 36 26
2 35 26
2 34 26
2 33 26
2 32 26
6 31 26
1 31 27
0 31 28
2 19 35
2 18 35
3 17 35
1 17 34
1 17 33
1 17 32
0 17 31
2 35 39
2 34 39
2 33 39
2 32 39
6 31 39
1 31 40
0 31 41
6 17 38
1 17 39
1 17 40
1 17 41
1 17 42
0 17 43
2 16 43
2 15 43
2 14 43
2 13 43
2 12 43
6 11 43
0 11 44
4 4 29
1 4 28
1 4 27
1 4 26
1 4 25
1 4 24
1 4 23
1 4 22
1 4 21
1 4 20
1 4 19
1 4 18
0 4 17
5 48 24
1 48 25
0 48 26
6 22 4
1 22 5
1 22 6
1 22 7
1 22 8
1 22 9
3 22 10
2 23 10
2 24 10
0 25 10
4 46 17
1 46 16
1 46 15
0 46 14
5 8 15
1 8 16
1 8 17
1 8 18
3 8 19
2 9 19
2 10 19
2 11 19
0 12 19
2 10 44
2 9 44
0 8 44
3 23 21
1 23 20
1 23 19
0 23 18
5 18 37
2 17 37
2 16 37
2 15 37
2 14 37
2 13 37
2 12 37
2 11 37
3 10 37
0 10 36
1 4 8
3 4 9
0 5 9
3 16 31
1 16 30
1 16 29
1 16 28
0 16 27
2 42 23
2 43 23
4 44 23
1 44 22
1 44 21
1 44 20
1 44 19
0 44 18
1 3 46
3 3 47
2 4 47
0 5 47
1 41 24
1 41 25
1 41 26
1 41 27
1 41 28
1 41 29
3 41 30
2 42 30
2 43 30
2 44 30
2 45 30
0 46 30
1 24 22
1 24 23
1 24 24
0 24 25
1 19 46
1 19 47
1 19 48
3 19 49
2 20 49
2 21 49
2 22 49
2 23 49
2 24 49
2 25 49
2 26 49
2 27 49
2 28 49
2 29 49
2 30 49
2 31 49
2 32 49
2 33 49
2 34 49
2 35 49
2 36 49
2 37 49
2 38 49
2 39 49
0 40 49
6 40 23
1 40 24
0 40 25
1 10 35
1 10 34
1 10 33
0 10 32
4 5 10
6 4 10
0 4 11
6 30 28
1 30 29
0 30 30
2 38 4
2 39 4
2 40 4
2 41 4
2 42 4
0 43 4
3 30 41
1 30 40
1 30 39
6 30 38
2 31 38
2 32 38
2 33 38
0 34 38
2 25 21
2 26 21
4 27 21
0 27 20
3 24 26
2 25 26
0 26 26
1 8 24
3 8 25
2 9 25
0 10 25
2 3 7
2 2 7
2 1 7
3 0 7
1 0 6
1 0 5
1 0 4
0 0 3
4 41 49
1 41 48
1 41 47
1 41 46
1 41 45
1 41 44
1 41 43
1 41 42
1 41 41
1 41 40
1 41 39
1 41 38
1 41 37
1 41 36
0 41 35
0 13 4
2 9 23
0 10 23
5 25 9
0 24 9
2 42 35
2 43 35
2 44 35
0 45 35
-1
-1
-1
-1
-1
-1
-1
-1
-1
-1
-1
-1
-1
-1
-1
-1
-1
-1
-1
-1
-1
-1
-1
-1
-1
-1
-1
-1
-1
-1
-1
-1
-1
-1
-1
-1
-1
-1
-1
-1
-1
-1
-1
-1
-1
-1
-1
-1
-1
-1
-1
-1
-1
-1
-1
-1
-1
-1
-1
-1
-1
-1
-1
-1
-1
-1
-1
-1
-1
-1
-1
-1
-1
-1
-1
-1
-1
-1
-1
-1
-1
-1
-1
-1
-1
-1
-1
-1
-1
-1
-1
-1
-1
-1
-1
-1
-1
-1
-1
-1
-1
-1
-1
-1
-1
-1
-1
-1
-1
-1
-1
-1
-1
-1
-1
-1
-1
-1
-1
-1
-1
-1
-1
-1
-1
-1
-1
-1
-1
-1
-1
-1
-1
-1
-1
-1
-1
-1
-1
-1
-1
-1
-1
-1
-1
-1
-1
-1
-1
-1
