0 18 3
1 18 4
1 18 5
1 18 6
1 18 7
1 18 8
1 18 9
1 18 10
1 18 11
1 18 12
1 18 13
1 18 14
1 18 15
1 18 16
1 18 17
1 18 18
1 18 19
1 18 20
1 18 21
1 18 22
1 18 23
1 18 24
1 18 25
1 18 26
1 18 27
1 18 28
1 18 29
1 18 30
1 18 31
1 18 32
1 18 33
1 18 34
1 18 35
1 18 36
1 18 37
3 18 38
2 19 38
2 20 38
2 21 38
2 22 38
2 23 38
2 24 38
2 25 38
2 26 38
2 27 38
2 28 38
2 29 38
0 30 38
4 30 39
2 29 39
2 28 39
2 27 39
2 26 39
2 25 39
2 24 39
2 23 39
2 22 39
-1
-1
0 21 39
2 17 3
2 16 3
2 15 3
-1
-1
-1
-1
-1
-1
-1
-1
0 14 3
2 20 39
2 19 39
2 18 39
3 17 39
-1
-1
-1
-1
0 17 38
5 19 3
1 19 4
1 19 5
1 19 6
1 19 7
1 19 8
3 19 9
2 20 9
2 21 9
2 22 9
2 23 9
2 24 9
2 25 9
2 26 9
2 27 9
2 28 9
2 29 9
2 30 9
2 31 9
2 32 9
2 33 9
2 34 9
2 35 9
2 36 9
2 37 9
2 38 9
2 39 9
2 40 9
2 41 9
2 42 9
2 43 9
2 44 9
0 45 9
5 31 38
1 31 39
1 31 40
1 31 41
1 31 42
3 31 43
2 32 43
0 33 43
5 45 8
2 44 8
2 43 8
2 42 8
2 41 8
2 40 8
2 39 8
2 38 8
2 37 8
3 36 8
1 36 7
1 36 6
0 36 5
4 33 44
2 32 44
2 31 44
2 30 44
2 29 44
0 28 44
2 37 5
2 38 5
4 39 5
1 39 4
1 39 3
0 39 2
2 35 5
2 34 5
2 33 5
2 32 5
0 31 5
2 16 38
2 15 38
2 14 38
2 13 38
2 12 38
2 11 38
6 10 38
1 10 39
1 10 40
1 10 41
0 10 42
1 21 40
1 21 41
1 21 42
1 21 43
1 21 44
0 21 45
4 45 10
2 44 10
2 43 10
6 42 10
1 42 11
1 42 12
0 42 13
3 10 43
2 11 43
2 12 43
2 13 43
0 14 43
5 40 2
1 40 3
1 40 4
3 40 5
2 41 5
2 42 5
0 43 5
3 20 45
1 20 44
1 20 43
1 20 42
1 20 41
0 20 40
2 41 13
2 40 13
2 39 13
2 38 13
2 37 13
2 36 13
6 35 13
1 35 14
1 35 15
1 35 16
0 35 17
0 18 2
6 30 37
2 31 37
5 32 37
3 32 38
0 33 38
5 17 37
2 16 37
2 15 37
2 14 37
2 13 37
3 12 37
1 12 36
1 12 35
1 12 34
1 12 33
1 12 32
1 12 31
1 12 30
1 12 29
1 12 28
0 12 27
2 27 44
2 26 44
2 25 44
3 24 44
1 24 43
0 24 42
2 11 27
2 10 27
2 9 27
2 8 27
6 7 27
1 7 28
1 7 29
1 7 30
1 7 31
0 7 32
2 44 5
2 45 5
4 46 5
1 46 4
1 46 3
0 46 2
2 34 38
2 35 38
2 36 38
2 37 38
2 38 38
2 39 38
2 40 38
2 41 38
2 42 38
2 43 38
4 44 38
1 44 37
0 44 36
1 35 18
1 35 19
1 35 20
1 35 21
3 35 22
0 36 22
-1
-1
-1
-1
-1
-1
-1
-1
-1
-1
-1
-1
-1
-1
-1
-1
-1
-1
-1
-1
-1
-1
-1
-1
-1
-1
-1
-1
-1
-1
-1
-1
-1
-1
-1
-1
-1
-1
-1
-1
-1
-1
-1
-1
-1
-1
-1
-1
-1
-1
-1
-1
-1
-1
-1
-1
-1
-1
-1
-1
-1
-1
-1
-1
-1
-1
-1
-1
-1
-1
-1
-1
-1
-1
-1
-1
-1
-1
-1
-1
-1
-1
-1
-1
-1
-1
-1
-1
-1
-1
-1
-1
-1
-1
-1
-1
-1
-1
-1
-1
-1
-1
-1
-1
-1
-1
-1
-1
-1
-1
-1
-1
-1
-1
-1
-1
-1
-1
-1
-1
-1
-1
-1
-1
-1
-1
-1
-1
-1
-1
-1
-1
-1
-1
-1
-1
-1
-1
-1
-1
-1
-1
-1
-1
-1
-1
-1
-1
-1
-1
-1
-1
-1
-1
-1
-1
-1
-1
-1
-1
-1
-1
-1
-1
-1
-1
-1
-1
-1
-1
-1
-1
-1
-1
-1
-1
-1
-1
-1
-1
-1
-1
-1
-1
-1
-1
-1
-1
-1
-1
-1
-1
-1
-1
-1
-1
-1
-1
-1
-1
-1
-1
-1
-1
-1
-1
-1
-1
-1
-1
-1
-1
-1
-1
-1
-1
-1
-1
-1
-1
-1
-1
-1
-1
-1
-1
-1
-1
-1
-1
-1
-1
-1
-1
-1
-1
-1
-1
-1
-1
-1
-1
-1
-1
-1
-1
-1
-1
-1
-1
-1
-1
-1
-1
-1
-1
-1
-1
-1
-1
-1
-1
-1
-1
-1
-1
-1
-1
-1
-1
-1
-1
-1
-1
-1
-1
-1
-1
-1
-1
-1
-1
-1
-1
-1
-1
-1
-1
-1
-1
-1
-1
-1
-1
-1
-1
-1
-1
-1
-1
-1
-1
-1
-1
-1
-1
-1
-1
-1
-1
-1
-1
-1
-1
-1
-1
-1
-1
-1
-1
-1
-1
-1
-1
-1
-1
-1
-1
-1
-1
-1
-1
-1
-1
-1
-1
-1
-1
-1
-1
-1
-1
-1
-1
-1
-1
-1
-1
-1
-1
-1
-1
-1
-1
-1
-1
-1
-1
-1
-1
-1
-1
-1
-1
-1
-1
-1
-1
-1
-1
-1
-1
-1
-1
-1
-1
-1
-1
-1
-1
-1
-1
-1
-1
-1
-1
-1
-1
-1
-1
-1
-1
-1
-1
-1
-1
-1
-1
-1
-1
-1
-1
-1
-1
-1
-1
-1
-1
-1
-1
-1
-1
-1
-1
-1
-1
-1
-1
-1
-1
-1
-1
-1
-1
-1
-1
-1
-1
-1
-1
-1
-1
-1
-1
-1
-1
-1
-1
-1
-1
-1
-1
-1
-1
-1
-1
-1
-1
-1
-1
-1
-1
-1
-1
-1
-1
-1
-1
-1
-1
-1
-1
-1
-1
-1
-1
-1
-1
-1
-1
-1
-1
-1
-1
-1
-1
-1
-1
-1
-1
-1
-1
-1
-1
-1
-1
-1
-1
-1
-1
-1
-1
-1
-1
-1
-1
-1
-1
-1
-1
-1
-1
-1
-1
-1
-1
-1
-1
-1
-1
-1
-1
-1
-1
-1
-1
-1
-1
-1
-1
-1
-1
-1
-1
-1
-1
-1
-1
-1
-1
-1
-1
