0 32 18
1 32 19
1 32 20
1 32 21
1 32 22
1 32 23
1 32 24
1 32 25
1 32 26
1 32 27
1 32 28
1 32 29
1 32 30
1 32 31
1 32 32
1 32 33
1 32 34
1 32 35
1 32 36
1 32 37
1 32 38
1 32 39
1 32 40
1 32 41
1 32 42
1 32 43
1 32 44
1 32 45
3 32 46
2 33 46
2 34 46
2 35 46
2 36 46
2 37 46
0 38 46
2 31 18
2 30 18
2 29 18
2 28 18
2 27 18
2 26 18
2 25 18
2 24 18
2 23 18
2 22 18
2 21 18
2 20 18
2 19 18
2 18 18
2 17 18
2 16 18
2 15 18
2 14 18
2 13 18
2 12 18
2 11 18
2 10 18
2 9 18
3 8 18
1 8 17
1 8 16
1 8 15
1 8 14
1 8 13
1 8 12
1 8 11
1 8 10
1 8 9
1 8 8
1 8 7
1 8 6
-1
-1
-1
-1
-1
-1
-1
-1
-1
-1
-1
-1
-1
-1
-1
-1
-1
-1
-1
-1
-1
-1
-1
-1
-1
-1
-1
-1
-1
-1
-1
-1
-1
-1
-1
0 8 5
2 7 5
2 6 5
2 5 5
2 4 5
2 3 5
2 2 5
2 1 5
6 0 5
1 0 6
1 0 7
1 0 8
1 0 9
1 0 10
1 0 11
1 0 12
1 0 13
1 0 14
1 0 15
1 0 16
1 0 17
1 0 18
1 0 19
1 0 20
1 0 21
1 0 22
1 0 23
1 0 24
1 0 25
1 0 26
1 0 27
-1
-1
-1
-1
-1
-1
-1
-1
-1
-1
-1
-1
-1
-1
-1
-1
0 0 28
5 38 45
2 37 45
2 36 45
3 35 45
1 35 44
1 35 43
-1
-1
-1
-1
-1
-1
-1
-1
-1
-1
-1
-1
-1
-1
-1
-1
-1
0 35 42
2 9 5
2 10 5
2 11 5
2 12 5
2 13 5
2 14 5
2 15 5
2 16 5
2 17 5
2 18 5
2 19 5
2 20 5
4 21 5
1 21 4
1 21 3
-1
-1
-1
-1
-1
-1
-1
-1
0 21 2
2 36 42
2 37 42
2 38 42
4 39 42
1 39 41
1 39 40
1 39 39
1 39 38
1 39 37
1 39 36
-1
-1
-1
-1
-1
-1
-1
0 39 35
5 22 2
1 22 3
1 22 4
1 22 5
1 22 6
1 22 7
3 22 8
-1
-1
-1
-1
-1
-1
-1
0 23 8
2 33 18
4 34 18
1 34 17
1 34 16
1 34 15
-1
-1
-1
-1
-1
-1
0 34 14
1 0 29
1 0 30
1 0 31
1 0 32
1 0 33
1 0 34
1 0 35
1 0 36
1 0 37
1 0 38
1 0 39
1 0 40
1 0 41
1 0 42
1 0 43
1 0 44
1 0 45
1 0 46
3 0 47
2 1 47
2 2 47
2 3 47
2 4 47
2 5 47
2 6 47
0 7 47
2 40 35
2 41 35
2 42 35
2 43 35
2 44 35
4 45 35
1 45 34
1 45 33
1 45 32
1 45 31
1 45 30
1 45 29
1 45 28
1 45 27
1 45 26
0 45 25
4 23 9
2 22 9
2 21 9
2 20 9
2 19 9
2 18 9
2 17 9
6 16 9
1 16 10
1 16 11
1 16 12
1 16 13
0 16 14
2 8 47
2 9 47
2 10 47
2 11 47
2 12 47
2 13 47
2 14 47
2 15 47
2 16 47
2 17 47
2 18 47
4 19 47
1 19 46
1 19 45
1 19 44
1 19 43
1 19 42
0 19 41
2 44 25
2 43 25
3 42 25
1 42 24
1 42 23
1 42 22
0 42 21
2 20 41
2 21 41
2 22 41
2 23 41
2 24 41
2 25 41
2 26 41
2 27 41
2 28 41
4 29 41
0 29 40
1 19 40
1 19 39
1 19 38
1 19 37
1 19 36
1 19 35
1 19 34
1 19 33
1 19 32
1 19 31
1 19 30
1 19 29
1 19 28
1 19 27
1 19 26
1 19 25
0 19 24
5 30 40
1 30 41
4 30 42
2 29 42
2 28 42
2 27 42
2 26 42
2 25 42
2 24 42
6 23 42
1 23 43
1 23 44
0 23 45
2 1 28
4 2 28
1 2 27
1 2 26
1 2 25
1 2 24
1 2 23
1 2 22
1 2 21
1 2 20
1 2 19
1 2 18
1 2 17
1 2 16
1 2 15
1 2 14
1 2 13
1 2 12
0 2 11
2 20 24
2 21 24
2 22 24
2 23 24
4 24 24
1 24 23
1 24 22
1 24 21
0 24 20
2 18 41
2 17 41
2 16 41
2 15 41
3 14 41
1 14 40
1 14 39
1 14 38
1 14 37
1 14 36
1 14 35
0 14 34
2 41 21
2 40 21
2 39 21
2 38 21
2 37 21
2 36 21
2 35 21
6 34 21
1 34 22
1 34 23
1 34 24
0 34 25
1 35 41
0 35 40
5 35 14
1 35 15
3 35 16
2 36 16
0 37 16
6 7 46
2 8 46
2 9 46
2 10 46
4 11 46
1 11 45
1 11 44
0 11 43
2 18 24
2 17 24
2 16 24
2 15 24
0 14 24
2 39 46
2 40 46
2 41 46
2 42 46
4 43 46
1 43 45
1 43 44
0 43 43
2 24 8
2 25 8
2 26 8
2 27 8
2 28 8
4 29 8
0 29 7
2 13 34
2 12 34
2 11 34
6 10 34
0 10 35
2 17 14
2 18 14
4 19 14
0 19 13
2 42 43
2 41 43
3 40 43
1 40 42
0 40 41
2 28 7
2 27 7
3 26 7
1 26 6
0 26 5
2 43 21
2 44 21
2 45 21
0 46 21
2 15 34
2 16 34
4 17 34
1 17 33
1 17 32
1 17 31
0 17 30
2 3 11
2 4 11
4 5 11
0 5 10
2 44 43
2 45 43
2 46 43
4 47 43
1 47 42
1 47 41
1 47 40
1 47 39
0 47 38
5 25 20
1 25 21
1 25 22
1 25 23
1 25 24
4 25 25
2 24 25
2 23 25
6 22 25
1 22 26
1 22 27
0 22 28
2 13 24
2 12 24
2 11 24
2 10 24
2 9 24
2 8 24
3 7 24
0 7 23
1 40 40
1 40 39
1 40 38
0 40 37
2 15 14
2 14 14
2 13 14
2 12 14
2 11 14
2 10 14
3 9 14
0 9 13
1 39 34
1 39 33
0 39 32
2 9 35
0 8 35
1 22 29
3 22 30
2 23 30
2 24 30
2 25 30
2 26 30
2 27 30
0 28 30
2 7 35
2 6 35
2 5 35
2 4 35
2 3 35
6 2 35
1 2 36
1 2 37
1 2 38
0 2 39
5 20 13
1 20 14
1 20 15
1 20 16
3 20 17
2 21 17
0 22 17
3 28 31
2 29 31
2 30 31
0 31 31
-1
-1
-1
-1
-1
-1
-1
-1
-1
-1
-1
-1
-1
-1
-1
-1
-1
-1
-1
-1
-1
-1
-1
-1
-1
-1
-1
-1
-1
-1
-1
-1
-1
-1
-1
-1
-1
-1
-1
-1
-1
-1
-1
-1
-1
-1
-1
-1
-1
-1
-1
-1
-1
-1
-1
-1
-1
-1
-1
-1
-1
-1
-1
-1
-1
-1
-1
-1
-1
-1
-1
-1
-1
-1
-1
-1
-1
-1
-1
-1
-1
-1
-1
-1
-1
-1
-1
-1
-1
-1
-1
-1
-1
-1
-1
-1
-1
-1
-1
-1
-1
-1
-1
-1
-1
-1
-1
-1
-1
-1
-1
-1
-1
-1
-1
-1
-1
-1
-1
-1
-1
-1
-1
-1
-1
-1
-1
-1
-1
-1
-1
-1
-1
-1
-1
-1
-1
-1
-1
-1
-1
-1
-1
-1
-1
-1
-1
-1
-1
-1
-1
-1
-1
-1
-1
-1
-1
-1
-1
-1
-1
-1
-1
-1
-1
-1
-1
-1
-1
-1
-1
-1
-1
-1
-1
-1
-1
-1
-1
-1
-1
-1
-1
-1
-1
-1
-1
-1
-1
-1
-1
-1
-1
-1
-1
-1
-1
-1
-1
-1
-1
-1
-1
-1
-1
-1
-1
-1
-1
-1
-1
-1
-1
-1
-1
-1
-1
-1
-1
-1
-1
-1
-1
-1
-1
-1
-1
-1
-1
-1
-1
-1
-1
-1
-1
-1
