0 4 45
2 5 45
2 6 45
2 7 45
2 8 45
2 9 45
2 10 45
2 11 45
2 12 45
2 13 45
2 14 45
2 15 45
2 16 45
4 17 45
1 17 44
1 17 43
1 17 42
1 17 41
1 17 40
0 17 39
2 18 39
2 19 39
2 20 39
2 21 39
2 22 39
2 23 39
2 24 39
2 25 39
2 26 39
2 27 39
2 28 39
2 29 39
2 30 39
2 31 39
2 32 39
2 33 39
2 34 39
4 35 39
1 35 38
1 35 37
1 35 36
1 35 35
1 35 34
1 35 33
1 35 32
1 35 31
1 35 30
1 35 29
1 35 28
1 35 27
1 35 26
1 35 25
1 35 24
1 35 23
1 35 22
1 35 21
1 35 20
1 35 19
1 35 18
1 35 17
1 35 16
1 35 15
1 35 14
1 35 13
1 35 12
1 35 11
1 35 10
1 35 9
1 35 8
1 35 7
1 35 6
-1
-1
-1
-1
-1
-1
-1
-1
-1
-1
-1
-1
-1
-1
-1
-1
-1
-1
-1
-1
-1
-1
0 35 5
4 36 5
1 36 4
1 36 3
-1
-1
-1
-1
-1
-1
-1
-1
-1
-1
-1
-1
-1
0 36 2
2 34 5
2 33 5
6 32 5
1 32 6
-1
-1
-1
-1
-1
-1
0 32 7
2 31 7
6 30 7
1 30 8
1 30 9
1 30 10
1 30 11
1 30 12
1 30 13
1 30 14
1 30 15
1 30 16
1 30 17
1 30 18
1 30 19
1 30 20
1 30 21
0 30 22
5 37 2
1 37 3
1 37 4
1 37 5
1 37 6
1 37 7
1 37 8
1 37 9
1 37 10
1 37 11
1 37 12
1 37 13
1 37 14
1 37 15
1 37 16
1 37 17
1 37 18
1 37 19
1 37 20
1 37 21
1 37 22
1 37 23
1 37 24
1 37 25
1 37 26
1 37 27
1 37 28
1 37 29
1 37 30
1 37 31
1 37 32
1 37 33
3 37 34
2 38 34
0 39 34
5 35 4
2 34 4
2 33 4
2 32 4
2 31 4
2 30 4
3 29 4
0 29 3
3 4 46
2 5 46
0 6 46
6 17 38
2 18 38
2 19 38
2 20 38
2 21 38
2 22 38
2 23 38
2 24 38
4 25 38
1 25 37
1 25 36
0 25 35
6 36 1
2 37 1
5 38 1
1 38 2
1 38 3
1 38 4
1 38 5
1 38 6
3 38 7
2 39 7
2 40 7
2 41 7
0 42 7
1 42 8
1 42 9
1 42 10
1 42 11
1 42 12
1 42 13
1 42 14
3 42 15
2 43 15
2 44 15
0 45 15
2 16 39
2 15 39
2 14 39
2 13 39
2 12 39
3 11 39
1 11 38
1 11 37
1 11 36
1 11 35
0 11 34
4 32 8
6 31 8
1 31 9
0 31 10
2 3 45
0 2 45
4 45 16
2 44 16
2 43 16
2 42 16
2 41 16
2 40 16
2 39 16
6 38 16
1 38 17
0 38 18
6 4 44
2 5 44
4 6 44
1 6 43
1 6 42
1 6 41
1 6 40
0 6 39
4 39 35
2 38 35
2 37 35
3 36 35
1 36 34
1 36 33
1 36 32
1 36 31
1 36 30
1 36 29
1 36 28
1 36 27
1 36 26
1 36 25
1 36 24
1 36 23
0 36 22
5 40 34
1 40 35
4 40 36
2 39 36
2 38 36
2 37 36
6 36 36
1 36 37
1 36 38
1 36 39
4 36 40
2 35 40
2 34 40
2 33 40
2 32 40
6 31 40
1 31 41
1 31 42
0 31 43
2 10 34
2 9 34
2 8 34
3 7 34
1 7 33
1 7 32
1 7 31
1 7 30
0 7 29
3 6 47
2 7 47
2 8 47
2 9 47
2 10 47
2 11 47
2 12 47
2 13 47
2 14 47
0 15 47
1 30 23
1 30 24
1 30 25
1 30 26
1 30 27
1 30 28
3 30 29
2 31 29
2 32 29
0 33 29
2 30 3
4 31 3
1 31 2
0 31 1
2 12 34
4 13 34
1 13 33
0 13 32
5 14 32
1 14 33
1 14 34
1 14 35
1 14 36
3 14 37
2 15 37
0 16 37
-1
-1
-1
-1
-1
-1
-1
-1
-1
-1
-1
-1
-1
-1
-1
-1
-1
-1
-1
-1
-1
-1
-1
-1
-1
-1
-1
-1
-1
-1
-1
-1
-1
-1
-1
-1
-1
-1
-1
-1
-1
-1
-1
-1
-1
-1
-1
-1
-1
-1
-1
-1
-1
-1
-1
-1
-1
-1
-1
-1
-1
-1
-1
-1
-1
-1
-1
-1
-1
-1
-1
-1
-1
-1
-1
-1
-1
-1
-1
-1
-1
-1
-1
-1
-1
-1
-1
-1
-1
-1
-1
-1
-1
-1
-1
-1
-1
-1
-1
-1
-1
-1
-1
-1
-1
-1
-1
-1
-1
-1
-1
-1
-1
-1
-1
-1
-1
-1
-1
-1
-1
-1
-1
-1
-1
-1
-1
-1
-1
-1
-1
-1
-1
-1
-1
-1
-1
-1
-1
-1
-1
-1
-1
-1
-1
-1
-1
-1
-1
-1
-1
-1
-1
-1
-1
-1
-1
-1
-1
-1
-1
-1
-1
-1
-1
-1
-1
-1
-1
-1
-1
-1
-1
-1
-1
-1
-1
-1
-1
-1
-1
-1
-1
-1
-1
-1
-1
-1
-1
-1
-1
-1
-1
-1
-1
-1
-1
-1
-1
-1
-1
-1
-1
-1
-1
-1
-1
-1
-1
-1
-1
-1
-1
-1
-1
-1
-1
-1
-1
-1
-1
-1
-1
-1
-1
-1
-1
-1
-1
-1
-1
-1
-1
-1
-1
-1
-1
-1
-1
-1
-1
-1
-1
-1
-1
-1
-1
-1
-1
-1
-1
-1
-1
-1
-1
-1
-1
-1
-1
-1
-1
-1
-1
-1
-1
-1
-1
-1
-1
-1
-1
-1
-1
-1
-1
-1
-1
-1
-1
-1
-1
-1
-1
-1
-1
-1
-1
-1
-1
-1
-1
-1
-1
-1
-1
-1
-1
-1
-1
-1
-1
-1
-1
-1
-1
-1
-1
-1
-1
-1
-1
-1
-1
-1
-1
-1
-1
-1
-1
-1
-1
-1
-1
-1
-1
-1
-1
-1
-1
-1
-1
-1
-1
-1
-1
-1
-1
-1
-1
-1
-1
-1
-1
-1
-1
-1
-1
-1
-1
-1
-1
-1
-1
-1
-1
-1
-1
-1
-1
-1
-1
-1
-1
-1
-1
-1
-1
-1
-1
-1
-1
-1
-1
-1
-1
-1
-1
-1
-1
-1
-1
-1
-1
-1
-1
-1
-1
-1
-1
-1
-1
-1
-1
-1
-1
-1
-1
-1
-1
-1
-1
-1
-1
-1
-1
-1
-1
-1
-1
-1
-1
-1
-1
-1
-1
-1
-1
-1
-1
-1
-1
-1
-1
-1
-1
-1
-1
-1
-1
-1
-1
-1
-1
-1
-1
-1
-1
-1
-1
-1
-1
-1
-1
-1
-1
-1
-1
-1
-1
-1
-1
-1
-1
-1
-1
-1
-1
-1
-1
-1
-1
-1
-1
