0 3 1
1 3 2
1 3 3
1 3 4
1 3 5
1 3 6
1 3 7
1 3 8
1 3 9
1 3 10
1 3 11
1 3 12
1 3 13
1 3 14
1 3 15
1 3 16
1 3 17
1 3 18
1 3 19
1 3 20
1 3 21
1 3 22
1 3 23
1 3 24
1 3 25
1 3 26
1 3 27
1 3 28
3 3 29
2 4 29
2 5 29
2 6 29
2 7 29
2 8 29
2 9 29
2 10 29
2 11 29
2 12 29
2 13 29
2 14 29
2 15 29
2 16 29
2 17 29
2 18 29
2 19 29
2 20 29
2 21 29
2 22 29
2 23 29
2 24 29
2 25 29
2 26 29
2 27 29
2 28 29
2 29 29
2 30 29
2 31 29
2 32 29
2 33 29
2 34 29
2 35 29
2 36 29
2 37 29
0 38 29
5 4 1
1 4 2
1 4 3
1 4 4
1 4 5
1 4 6
1 4 7
1 4 8
1 4 9
1 4 10
1 4 11
1 4 12
1 4 13
1 4 14
1 4 15
1 4 16
1 4 17
1 4 18
1 4 19
1 4 20
1 4 21
1 4 22
1 4 23
1 4 24
1 4 25
1 4 26
3 4 27
2 5 27
2 6 27
2 7 27
-1
-1
-1
-1
-1
-1
-1
-1
-1
-1
-1
-1
-1
-1
-1
-1
-1
-1
-1
-1
-1
-1
-1
-1
-1
-1
-1
-1
-1
-1
-1
-1
-1
-1
-1
-1
-1
-1
-1
-1
-1
-1
-1
-1
-1
-1
-1
-1
-1
-1
-1
-1
-1
-1
-1
-1
-1
-1
-1
-1
-1
-1
-1
-1
-1
0 8 27
2 39 29
2 40 29
4 41 29
1 41 28
1 41 27
1 41 26
1 41 25
1 41 24
1 41 23
1 41 22
1 41 21
1 41 20
-1
1 41 19
1 41 18
1 41 17
1 41 16
-1
-1
-1
-1
-1
-1
-1
-1
-1
-1
-1
-1
-1
-1
-1
-1
-1
-1
-1
-1
-1
-1
-1
-1
-1
-1
-1
-1
-1
-1
-1
-1
-1
-1
-1
-1
-1
-1
-1
-1
-1
-1
-1
-1
-1
-1
-1
-1
-1
-1
-1
0 41 15
6 3 0
2 4 0
5 5 0
1 5 1
1 5 2
1 5 3
1 5 4
1 5 5
1 5 6
1 5 7
1 5 8
1 5 9
3 5 10
2 6 10
2 7 10
2 8 10
-1
-1
-1
-1
-1
-1
-1
-1
-1
-1
-1
-1
-1
-1
-1
-1
-1
-1
-1
-1
-1
-1
-1
-1
-1
-1
-1
-1
-1
-1
0 9 10
4 38 30
2 37 30
2 36 30
2 35 30
2 34 30
2 33 30
2 32 30
2 31 30
2 30 30
2 29 30
2 28 30
2 27 30
2 26 30
-1
-1
-1
-1
-1
-1
-1
-1
-1
-1
-1
-1
-1
-1
-1
-1
-1
-1
-1
-1
-1
-1
0 25 30
2 24 30
2 23 30
2 22 30
2 21 30
2 20 30
2 19 30
2 18 30
2 17 30
6 16 30
1 16 31
1 16 32
1 16 33
1 16 34
1 16 35
1 16 36
1 16 37
-1
-1
-1
-1
-1
-1
-1
-1
-1
-1
-1
-1
-1
-1
-1
0 16 38
2 40 15
2 39 15
2 38 15
2 37 15
2 36 15
2 35 15
2 34 15
2 33 15
2 32 15
3 31 15
1 31 14
1 31 13
1 31 12
1 31 11
1 31 10
1 31 9
-1
-1
-1
-1
-1
-1
-1
-1
-1
-1
-1
-1
-1
0 31 8
5 8 26
2 7 26
2 6 26
3 5 26
-1
-1
-1
-1
-1
-1
-1
-1
-1
-1
-1
-1
-1
-1
-1
-1
0 5 25
1 25 31
3 25 32
2 26 32
2 27 32
2 28 32
2 29 32
2 30 32
2 31 32
2 32 32
-1
-1
-1
-1
-1
-1
-1
-1
-1
0 33 32
2 9 27
2 10 27
2 11 27
2 12 27
2 13 27
2 14 27
4 15 27
1 15 26
1 15 25
-1
-1
-1
-1
-1
-1
-1
-1
-1
0 15 24
2 30 8
6 29 8
1 29 9
-1
-1
-1
-1
-1
-1
-1
-1
-1
-1
-1
0 29 10
-1
-1
-1
-1
-1
-1
-1
-1
-1
-1
-1
-1
-1
-1
-1
-1
-1
-1
-1
-1
-1
-1
-1
-1
-1
-1
-1
-1
-1
-1
-1
-1
-1
-1
-1
-1
-1
-1
-1
-1
-1
-1
-1
-1
-1
-1
-1
-1
-1
-1
-1
-1
-1
-1
-1
-1
-1
-1
-1
-1
-1
-1
-1
-1
-1
-1
-1
-1
-1
-1
-1
-1
-1
-1
-1
-1
-1
-1
-1
-1
-1
-1
-1
-1
-1
-1
-1
-1
-1
-1
-1
-1
-1
-1
-1
-1
-1
-1
-1
-1
-1
-1
-1
-1
-1
-1
-1
-1
-1
-1
-1
-1
-1
-1
-1
-1
-1
-1
-1
-1
-1
-1
-1
-1
-1
-1
-1
-1
-1
-1
-1
-1
-1
-1
-1
-1
-1
-1
-1
-1
-1
-1
-1
-1
-1
-1
-1
-1
-1
-1
-1
-1
-1
-1
-1
-1
-1
-1
-1
-1
-1
-1
-1
-1
-1
-1
-1
-1
-1
-1
-1
-1
-1
-1
-1
-1
-1
-1
-1
-1
-1
-1
-1
-1
-1
-1
-1
-1
-1
-1
-1
-1
-1
-1
-1
-1
-1
-1
-1
-1
-1
-1
-1
-1
-1
-1
-1
-1
-1
-1
-1
-1
-1
-1
-1
-1
-1
-1
-1
-1
-1
-1
-1
-1
-1
-1
-1
-1
-1
-1
-1
-1
-1
-1
-1
-1
-1
-1
-1
-1
-1
-1
-1
-1
-1
-1
-1
-1
-1
-1
-1
-1
-1
-1
-1
-1
-1
-1
-1
-1
-1
-1
-1
-1
-1
-1
-1
-1
-1
-1
-1
-1
-1
-1
-1
-1
-1
-1
-1
-1
-1
-1
-1
-1
-1
-1
-1
-1
-1
-1
-1
-1
-1
-1
-1
-1
-1
-1
-1
-1
-1
-1
-1
-1
-1
-1
-1
-1
-1
-1
-1
-1
-1
-1
-1
-1
-1
-1
-1
-1
-1
-1
-1
-1
-1
-1
-1
-1
-1
-1
-1
-1
-1
-1
-1
-1
-1
-1
-1
-1
-1
-1
-1
-1
-1
-1
-1
-1
-1
-1
-1
-1
